1, 82, 0
2, 83, 0
3, 84, 0
4, 85, 0
5, 86, 0
6, 87, 0
7, 88, 0
8, 89, 0
9, 90, 0
10, 91, 0
11, 92, 0
12, 93, 0
13, 94, 0
14, 95, 0
15, 0, 4
16, 96, 0
17, 97, 0
18, 98, 0
19, 99, 0
20, 100, 0
21, 101, 0
22, 102, 0
23, 103, 0
24, 104, 0
25, 105, 0
26, 106, 0
27, 107, 0
28, 108, 0
29, 109, 0
30, 110, 0
31, 111, 0
32, 112, 0
33, 113, 0
34, 114, 0
35, 115, 0
36, 0, 5
37, 116, 0
38, 117, 0
39, 118, 0
40, 119, 0
41, 120, 0
42, 121, 0
43, 122, 0
44, 123, 0
45, 124, 0
46, 125, 0
47, 126, 0
48, 127, 0
49, 128, 0
50, 129, 0
51, 130, 0
52, 131, 0
53, 132, 0
54, 133, 0
55, 134, 0
56, 135, 0
57, 0, 6
58, 136, 0
59, 137, 0
60, 138, 0
61, 139, 0
62, 140, 0
63, 141, 0
64, 142, 0
65, 143, 0
66, 144, 0
67, 145, 0
68, 146, 0
69, 147, 0
70, 148, 0
71, 149, 0
72, 150, 0
73, 151, 0
74, 152, 0
75, 153, 0
76, 154, 0
77, 155, 0
78, 0, 7
79, 156, 0
80, 157, 0
81, 158, 0
82, 159, 0
83, 160, 0
84, 161, 0
85, 162, 0
86, 163, 0
87, 164, 0
88, 165, 0
89, 166, 0
90, 167, 0
91, 168, 0
92, 169, 0
93, 170, 0
94, 171, 0
95, 172, 0
96, 173, 0
97, 174, 0
98, 175, 0
99, 0, 8
100, 176, 0
101, 177, 0
102, 178, 0
103, 179, 0
104, 180, 0
105, 181, 0
106, 182, 0
107, 183, 0
108, 184, 0
109, 185, 0
110, 186, 0
111, 187, 0
112, 188, 0
113, 189, 0
114, 190, 0
115, 191, 0
116, 192, 0
117, 193, 0
118, 194, 0
119, 195, 0
120, 0, 9
121, 196, 0
122, 197, 0
123, 198, 0
124, 199, 0
125, 200, 0
126, 201, 0
127, 202, 0
128, 203, 0
129, 204, 0
130, 205, 0
131, 206, 0
132, 207, 0
133, 208, 0
134, 209, 0
135, 210, 0
136, 211, 0
137, 212, 0
138, 213, 0
139, 214, 0
140, 0, 10
141, 215, 0
142, 216, 0
143, 217, 0
144, 218, 0
145, 219, 0
146, 220, 0
147, 221, 0
148, 222, 0
149, 223, 0
150, 224, 0
151, 225, 0
152, 226, 0
153, 227, 0
154, 228, 0
155, 229, 0
156, 230, 0
157, 231, 0
158, 232, 0
159, 233, 0
160, 234, 0
161, 0, 11
162, 235, 0
163, 236, 0
164, 237, 0
165, 238, 0
166, 239, 0
167, 240, 0
168, 241, 0
169, 242, 0
170, 243, 0
171, 244, 0
172, 245, 0
173, 246, 0
174, 247, 0
175, 248, 0
176, 249, 0
177, 250, 0
178, 251, 0
179, 252, 0
180, 253, 0
181, 254, 0
182, 0, 12
183, 255, 0
184, 1, 0
185, 2, 0
186, 3, 0
187, 4, 0
188, 5, 0
189, 6, 0
190, 7, 0
191, 8, 0
192, 9, 0
193, 10, 0
194, 11, 0
195, 12, 0
196, 13, 0
197, 14, 0
198, 15, 0
199, 16, 0
200, 17, 0
201, 18, 0
202, 19, 0
203, 0, 13
204, 20, 0
205, 21, 0
206, 22, 0
207, 23, 0
208, 24, 0
209, 25, 0
210, 26, 0
211, 27, 0
212, 28, 0
213, 29, 0
214, 30, 0
215, 31, 0
216, 32, 0
217, 33, 0
218, 34, 0
219, 35, 0
220, 36, 0
221, 37, 0
222, 38, 0
223, 39, 0
224, 0, 14
225, 40, 0
226, 41, 0
227, 42, 0
228, 43, 0
229, 44, 0
230, 45, 0
231, 46, 0
232, 47, 0
233, 48, 0
234, 49, 0
235, 50, 0
236, 51, 0
237, 52, 0
238, 53, 0
239, 54, 0
240, 55, 0
241, 56, 0
242, 57, 0
243, 58, 0
244, 59, 0
245, 62, 0
246, 63, 0
247, 64, 0
248, 65, 0
249, 66, 0
250, 67, 0
251, 68, 0
252, 69, 0
253, 70, 0
254, 71, 0
255, 72, 0
256, 73, 0
257, 74, 0
258, 75, 0
259, 76, 0
260, 77, 0
261, 78, 0
262, 79, 0
263, 0, 16
264, 80, 0
265, 81, 0
266, 82, 0
267, 83, 0
268, 84, 0
269, 85, 0
270, 86, 0
271, 87, 0
272, 88, 0
273, 89, 0
274, 90, 0
275, 91, 0
276, 92, 0
277, 93, 0
278, 94, 0
279, 95, 0
280, 96, 0
281, 97, 0
282, 98, 0
283, 99, 0
284, 0, 17
285, 100, 0
286, 101, 0
287, 102, 0
288, 103, 0
289, 104, 0
290, 105, 0
291, 106, 0
292, 107, 0
293, 108, 0
294, 109, 0
295, 110, 0
296, 111, 0
297, 112, 0
298, 113, 0
299, 114, 0
300, 115, 0
301, 116, 0
302, 117, 0
303, 118, 0
304, 119, 0
305, 0, 18
306, 120, 0
307, 121, 0
308, 122, 0
309, 123, 0
310, 124, 0
311, 125, 0
312, 126, 0
313, 127, 0
314, 128, 0
315, 129, 0
316, 130, 0
317, 131, 0
318, 132, 0
319, 133, 0
320, 134, 0
321, 135, 0
322, 136, 0
323, 137, 0
324, 138, 0
325, 139, 0
326, 0, 19
327, 140, 0
328, 141, 0
329, 142, 0
330, 143, 0
331, 144, 0
332, 145, 0
333, 146, 0
334, 147, 0
335, 148, 0
336, 149, 0
337, 150, 0
338, 151, 0
339, 152, 0
340, 153, 0
341, 154, 0
342, 155, 0
343, 156, 0
344, 157, 0
345, 158, 0
346, 159, 0
347, 0, 20
348, 160, 0
349, 161, 0
350, 162, 0
351, 163, 0
352, 164, 0
353, 165, 0
354, 166, 0
355, 167, 0
356, 168, 0
357, 169, 0
358, 170, 0
359, 171, 0
360, 172, 0
361, 173, 0
362, 174, 0
363, 175, 0
364, 176, 0
365, 177, 0
366, 178, 0
367, 179, 0
368, 180, 0
369, 181, 0
370, 182, 0
371, 183, 0
372, 184, 0
373, 185, 0
374, 186, 0
375, 187, 0
376, 188, 0
377, 189, 0
378, 190, 0
379, 191, 0
380, 192, 0
381, 193, 0
382, 194, 0
383, 195, 0
384, 196, 0
385, 197, 0
386, 198, 0
387, 199, 0
388, 200, 0
389, 201, 0
390, 202, 0
391, 203, 0
392, 204, 0
393, 205, 0
394, 206, 0
395, 207, 0
396, 208, 0
397, 209, 0
398, 210, 0
399, 211, 0
400, 212, 0
401, 213, 0
402, 214, 0
403, 215, 0
404, 216, 0
405, 217, 0
406, 218, 0
407, 219, 0
408, 225, 0
409, 226, 0
410, 227, 0
411, 228, 0
412, 229, 0
413, 230, 0
414, 231, 0
415, 232, 0
416, 233, 0
417, 234, 0
418, 235, 0
419, 236, 0
420, 237, 0
421, 238, 0
422, 239, 0
423, 240, 0
424, 241, 0
425, 242, 0
426, 243, 0
427, 244, 0
428, 245, 0
429, 246, 0
430, 247, 0
431, 248, 0
432, 249, 0
433, 250, 0
434, 251, 0
435, 252, 0
436, 253, 0
437, 254, 0
438, 255, 0
439, 1, 0
440, 2, 0
441, 3, 0
442, 4, 0
443, 5, 0
444, 6, 0
445, 7, 0
446, 8, 0
447, 9, 0
448, 10, 0
449, 11, 0
450, 12, 0
451, 13, 0
452, 14, 0
453, 15, 0
454, 16, 0
455, 17, 0
456, 18, 0
457, 19, 0
458, 20, 0
459, 21, 0
460, 22, 0
461, 23, 0
462, 24, 0
463, 25, 0
464, 26, 0
465, 27, 0
466, 28, 0
467, 29, 0
468, 30, 0
469, 31, 0
470, 32, 0
471, 33, 0
472, 34, 0
473, 35, 0
474, 36, 0
475, 37, 0
476, 38, 0
477, 39, 0
478, 40, 0
479, 41, 0
480, 42, 0
481, 43, 0
482, 44, 0
483, 0, 21
484, 45, 0
485, 45, 0
486, 46, 0
487, 47, 0
488, 48, 0
489, 49, 0
490, 50, 0
491, 51, 0
492, 52, 0
493, 53, 0
494, 54, 0
495, 55, 0
496, 56, 0
497, 57, 0
498, 58, 0
499, 59, 0
500, 60, 0
501, 61, 0
502, 62, 0
503, 63, 0
504, 0, 22
505, 64, 0
506, 65, 0
507, 66, 0
508, 67, 0
509, 68, 0
510, 69, 0
511, 70, 0
512, 71, 0
513, 72, 0
514, 73, 0
515, 74, 0
516, 75, 0
517, 76, 0
518, 77, 0
519, 78, 0
520, 79, 0
521, 80, 0
522, 81, 0
523, 83, 0
524, 0, 23
525, 84, 0
526, 85, 0
527, 86, 0
528, 87, 0
529, 88, 0
530, 89, 0
531, 90, 0
532, 91, 0
533, 92, 0
534, 93, 0
535, 94, 0
536, 95, 0
537, 96, 0
538, 97, 0
539, 98, 0
540, 99, 0
541, 100, 0
542, 101, 0
543, 102, 0
544, 0, 24
545, 103, 0
546, 104, 0
547, 105, 0
548, 106, 0
549, 107, 0
550, 108, 0
551, 109, 0
552, 110, 0
553, 111, 0
554, 112, 0
555, 113, 0
556, 114, 0
557, 115, 0
558, 116, 0
559, 117, 0
560, 118, 0
561, 119, 0
562, 120, 0
563, 121, 0
564, 122, 0
565, 0, 25
566, 123, 0
567, 124, 0
568, 125, 0
569, 126, 0
570, 127, 0
571, 128, 0
572, 129, 0
573, 130, 0
574, 131, 0
575, 132, 0
576, 133, 0
577, 134, 0
578, 135, 0
579, 136, 0
580, 137, 0
581, 138, 0
582, 139, 0
583, 140, 0
584, 141, 0
585, 142, 0
586, 0, 26
587, 143, 0
588, 144, 0
589, 145, 0
590, 146, 0
591, 147, 0
592, 148, 0
593, 149, 0
594, 150, 0
595, 151, 0
596, 152, 0
597, 153, 0
598, 154, 0
599, 155, 0
600, 156, 0
601, 157, 0
602, 158, 0
603, 159, 0
604, 160, 0
605, 161, 0
606, 162, 0
607, 0, 27
608, 163, 0
609, 164, 0
610, 165, 0
611, 166, 0
612, 167, 0
613, 168, 0
614, 169, 0
615, 170, 0
616, 171, 0
617, 172, 0
618, 173, 0
619, 174, 0
620, 175, 0
621, 176, 0
622, 177, 0
623, 178, 0
624, 179, 0
625, 180, 0
626, 181, 0
627, 182, 0
628, 0, 28
629, 183, 0
630, 184, 0
631, 185, 0
632, 186, 0
633, 187, 0
634, 188, 0
635, 189, 0
636, 190, 0
637, 191, 0
638, 192, 0
639, 193, 0
640, 194, 0
641, 195, 0
642, 196, 0
643, 197, 0
644, 198, 0
645, 199, 0
646, 200, 0
647, 201, 0
648, 202, 0
649, 0, 29
650, 203, 0
651, 204, 0
652, 205, 0
653, 206, 0
654, 207, 0
655, 208, 0
656, 209, 0
657, 210, 0
658, 211, 0
659, 212, 0
660, 213, 0
661, 214, 0
662, 215, 0
663, 216, 0
664, 217, 0
665, 218, 0
666, 219, 0
667, 220, 0
668, 221, 0
669, 222, 0
670, 0, 30
671, 223, 0
672, 224, 0
673, 225, 0
674, 226, 0
675, 227, 0
676, 228, 0
677, 229, 0
678, 230, 0
679, 231, 0
680, 232, 0
681, 233, 0
682, 234, 0
683, 235, 0
684, 236, 0
685, 237, 0
686, 238, 0
687, 239, 0
688, 240, 0
689, 241, 0
690, 242, 0
691, 0, 31
692, 243, 0
693, 244, 0
694, 245, 0
695, 246, 0
696, 247, 0
697, 248, 0
698, 249, 0
699, 250, 0
700, 251, 0
701, 252, 0
702, 253, 0
703, 254, 0
704, 255, 0
705, 1, 0
706, 2, 0
707, 3, 0
708, 4, 0
709, 5, 0
710, 6, 0
711, 7, 0
712, 0, 32
713, 8, 0
714, 9, 0
715, 10, 0
716, 11, 0
717, 12, 0
718, 13, 0
719, 14, 0
720, 15, 0
721, 16, 0
722, 17, 0
723, 18, 0
724, 19, 0
725, 20, 0
726, 21, 0
727, 22, 0
728, 23, 0
729, 24, 0
730, 25, 0
731, 26, 0
732, 27, 0
733, 0, 33
734, 28, 0
735, 29, 0
736, 30, 0
737, 31, 0
738, 32, 0
739, 33, 0
740, 34, 0
741, 35, 0
742, 36, 0
743, 37, 0
744, 38, 0
745, 39, 0
746, 40, 0
747, 41, 0
748, 42, 0
749, 43, 0
750, 44, 0
751, 45, 0
752, 46, 0
753, 0, 34
754, 47, 0
755, 48, 0
756, 49, 0
757, 50, 0
758, 51, 0
759, 52, 0
760, 53, 0
761, 54, 0
762, 55, 0
763, 56, 0
764, 57, 0
765, 58, 0
766, 59, 0
767, 60, 0
768, 61, 0
769, 62, 0
770, 63, 0
771, 64, 0
772, 65, 0
773, 66, 0
774, 0, 35
775, 67, 0
776, 68, 0
777, 69, 0
778, 70, 0
779, 71, 0
780, 72, 0
781, 73, 0
782, 74, 0
783, 75, 0
784, 76, 0
785, 77, 0
786, 78, 0
787, 79, 0
788, 80, 0
789, 81, 0
790, 82, 0
791, 83, 0
792, 84, 0
793, 85, 0
794, 86, 0
795, 0, 36
796, 87, 0
797, 88, 0
798, 89, 0
799, 90, 0
800, 91, 0
801, 92, 0
802, 93, 0
803, 94, 0
804, 95, 0
805, 96, 0
806, 97, 0
807, 98, 0
808, 99, 0
809, 100, 0
810, 101, 0
811, 102, 0
812, 103, 0
813, 104, 0
814, 105, 0
815, 106, 0
816, 0, 37
817, 107, 0
818, 108, 0
819, 109, 0
820, 110, 0
821, 111, 0
822, 112, 0
823, 113, 0
824, 114, 0
825, 115, 0
826, 116, 0
827, 117, 0
828, 118, 0
829, 119, 0
830, 120, 0
831, 121, 0
832, 122, 0
833, 123, 0
834, 124, 0
835, 125, 0
836, 126, 0
837, 0, 38
838, 127, 0
839, 128, 0
840, 129, 0
841, 130, 0
842, 131, 0
843, 132, 0
844, 133, 0
845, 134, 0
846, 135, 0
847, 136, 0
848, 137, 0
849, 138, 0
850, 139, 0
851, 140, 0
852, 141, 0
853, 142, 0
854, 143, 0
855, 144, 0
856, 145, 0
857, 146, 0
858, 0, 39
859, 147, 0
860, 148, 0
861, 149, 0
862, 150, 0
863, 151, 0
864, 152, 0
865, 153, 0
866, 154, 0
867, 155, 0
868, 156, 0
869, 157, 0
870, 158, 0
871, 159, 0
872, 160, 0
873, 161, 0
874, 162, 0
875, 163, 0
876, 164, 0
877, 165, 0
878, 166, 0
879, 0, 40
880, 167, 0
881, 168, 0
882, 169, 0
883, 170, 0
884, 171, 0
885, 172, 0
886, 173, 0
887, 174, 0
888, 175, 0
889, 176, 0
890, 177, 0
891, 178, 0
892, 179, 0
893, 180, 0
894, 181, 0
895, 182, 0
896, 183, 0
897, 184, 0
898, 185, 0
899, 186, 0
900, 0, 41
901, 187, 0
902, 188, 0
903, 189, 0
904, 190, 0
905, 191, 0
906, 192, 0
907, 193, 0
908, 194, 0
909, 195, 0
910, 196, 0
911, 197, 0
912, 198, 0
913, 199, 0
914, 200, 0
915, 201, 0
916, 202, 0
917, 203, 0
918, 204, 0
919, 205, 0
920, 206, 0
921, 0, 42
922, 207, 0
923, 208, 0
924, 209, 0
925, 210, 0
926, 211, 0
927, 212, 0
928, 213, 0
929, 214, 0
930, 215, 0
931, 216, 0
932, 217, 0
933, 218, 0
934, 219, 0
935, 220, 0
936, 221, 0
937, 222, 0
938, 223, 0
939, 224, 0
940, 225, 0
941, 0, 43
942, 226, 0
943, 227, 0
944, 228, 0
945, 229, 0
946, 230, 0
947, 231, 0
948, 232, 0
949, 233, 0
950, 234, 0
951, 235, 0
952, 236, 0
953, 237, 0
954, 238, 0
955, 239, 0
956, 240, 0
957, 241, 0
958, 242, 0
959, 243, 0
960, 244, 0
961, 245, 0
962, 0, 44
963, 246, 0
964, 247, 0
965, 248, 0
966, 249, 0
967, 250, 0
968, 251, 0
969, 252, 0
970, 253, 0
971, 254, 0
972, 255, 0
973, 1, 0
974, 2, 0
975, 3, 0
976, 4, 0
977, 5, 0
978, 6, 0
979, 7, 0
980, 8, 0
981, 9, 0
982, 10, 0
983, 0, 45
984, 11, 0
985, 12, 0
986, 13, 0
987, 14, 0
988, 15, 0
989, 16, 0
990, 17, 0
991, 18, 0
992, 19, 0
993, 20, 0
994, 21, 0
995, 22, 0
996, 23, 0
997, 24, 0
998, 25, 0
999, 26, 0
1000, 27, 0
1001, 28, 0
1002, 29, 0
1003, 30, 0
1004, 0, 46
1005, 31, 0
1006, 32, 0
1007, 33, 0
1008, 34, 0
1009, 35, 0
1010, 36, 0
1011, 37, 0
1012, 38, 0
1013, 39, 0
1014, 40, 0
1015, 41, 0
1016, 42, 0
1017, 43, 0
1018, 44, 0
1019, 45, 0
1020, 46, 0
1021, 47, 0
1022, 48, 0
1023, 49, 0
1024, 50, 0
1025, 0, 47
1026, 51, 0
1027, 52, 0
1028, 53, 0
1029, 54, 0
1030, 55, 0
1031, 56, 0
1032, 57, 0
1033, 58, 0
1034, 59, 0
1035, 60, 0
1036, 61, 0
1037, 62, 0
1038, 63, 0
1039, 64, 0
1040, 65, 0
1041, 66, 0
1042, 67, 0
1043, 68, 0
1044, 69, 0
1045, 70, 0
1046, 0, 48
1047, 71, 0
1048, 72, 0
1049, 73, 0
1050, 74, 0
1051, 75, 0
1052, 76, 0
1053, 77, 0
1054, 78, 0
1055, 79, 0
1056, 80, 0
1057, 81, 0
1058, 82, 0
1059, 83, 0
1060, 84, 0
1061, 85, 0
1062, 86, 0
1063, 87, 0
1064, 88, 0
1065, 89, 0
1066, 90, 0
1067, 0, 49
1068, 91, 0
1069, 92, 0
1070, 93, 0
1071, 94, 0
1072, 95, 0
1073, 96, 0
1074, 97, 0
1075, 98, 0
1076, 99, 0
1077, 100, 0
1078, 101, 0
1079, 102, 0
1080, 103, 0
1081, 104, 0
1082, 105, 0
1083, 106, 0
1084, 107, 0
1085, 108, 0
1086, 109, 0
1087, 110, 0
1088, 0, 50
1089, 111, 0
1090, 112, 0
1091, 113, 0
1092, 114, 0
1093, 115, 0
1094, 116, 0
1095, 117, 0
1096, 118, 0
1097, 119, 0
1098, 120, 0
1099, 121, 0
1100, 122, 0
1101, 123, 0
1102, 124, 0
1103, 125, 0
1104, 126, 0
1105, 127, 0
1106, 128, 0
1107, 129, 0
1108, 130, 0
1109, 0, 51
1110, 131, 0
1111, 132, 0
1112, 133, 0
1113, 134, 0
1114, 135, 0
1115, 136, 0
1116, 137, 0
1117, 138, 0
1118, 139, 0
1119, 140, 0
1120, 141, 0
1121, 142, 0
1122, 143, 0
1123, 144, 0
1124, 145, 0
1125, 146, 0
1126, 147, 0
1127, 148, 0
1128, 149, 0
1129, 150, 0
1130, 0, 52
1131, 151, 0
1132, 152, 0
1133, 153, 0
1134, 154, 0
1135, 155, 0
1136, 156, 0
1137, 157, 0
1138, 158, 0
1139, 159, 0
1140, 160, 0
1141, 161, 0
1142, 162, 0
1143, 163, 0
1144, 164, 0
1145, 165, 0
1146, 166, 0
1147, 167, 0
1148, 168, 0
1149, 169, 0
1150, 170, 0
1151, 0, 53
1152, 171, 0
1153, 172, 0
1154, 173, 0
1155, 174, 0
1156, 175, 0
1157, 176, 0
1158, 177, 0
1159, 178, 0
1160, 179, 0
1161, 180, 0
1162, 181, 0
1163, 182, 0
1164, 183, 0
1165, 184, 0
1166, 185, 0
1167, 186, 0
1168, 187, 0
1169, 188, 0
1170, 189, 0
1171, 0, 54
1172, 190, 0
1173, 191, 0
1174, 192, 0
1175, 193, 0
1176, 194, 0
1177, 195, 0
1178, 196, 0
1179, 197, 0
1180, 198, 0
1181, 199, 0
1182, 200, 0
1183, 201, 0
1184, 202, 0
1185, 203, 0
1186, 204, 0
1187, 205, 0
1188, 206, 0
1189, 207, 0
1190, 208, 0
1191, 209, 0
1192, 0, 55
1193, 210, 0
1194, 211, 0
1195, 212, 0
1196, 213, 0
1197, 214, 0
1198, 215, 0
1199, 216, 0
1200, 217, 0
1201, 218, 0
1202, 219, 0
1203, 220, 0
1204, 221, 0
1205, 222, 0
1206, 223, 0
1207, 224, 0
1208, 225, 0
1209, 226, 0
1210, 227, 0
1211, 228, 0
1212, 229, 0
1213, 0, 56
1214, 230, 0
1215, 231, 0
1216, 232, 0
1217, 233, 0
1218, 234, 0
1219, 235, 0
1220, 236, 0
1221, 237, 0
1222, 238, 0
1223, 239, 0
1224, 240, 0
1225, 241, 0
1226, 242, 0
1227, 243, 0
1228, 244, 0
1229, 245, 0
1230, 246, 0
1231, 247, 0
1232, 248, 0
1233, 249, 0
1234, 0, 57
1235, 250, 0
1236, 251, 0
1237, 252, 0
1238, 253, 0
1239, 254, 0
1240, 255, 0
1241, 1, 0
1242, 2, 0
1243, 3, 0
1244, 4, 0
1245, 5, 0
1246, 6, 0
1247, 7, 0
1248, 8, 0
1249, 9, 0
1250, 10, 0
1251, 11, 0
1252, 12, 0
1253, 13, 0
1254, 14, 0
1255, 0, 58
1256, 15, 0
1257, 16, 0
1258, 17, 0
1259, 18, 0
1260, 19, 0
1261, 20, 0
1262, 21, 0
1263, 22, 0
1264, 23, 0
1265, 24, 0
1266, 25, 0
1267, 26, 0
1268, 27, 0
1269, 28, 0
1270, 29, 0
1271, 30, 0
1272, 31, 0
1273, 32, 0
1274, 33, 0
1275, 34, 0
1276, 0, 59
1277, 35, 0
1278, 36, 0
1279, 37, 0
1280, 38, 0
1281, 39, 0
1282, 40, 0
1283, 41, 0
1284, 42, 0
1285, 43, 0
1286, 44, 0
1287, 45, 0
1288, 46, 0
1289, 47, 0
1290, 48, 0
1291, 49, 0
1292, 50, 0
1293, 51, 0
1294, 52, 0
1295, 53, 0
1296, 54, 0
1297, 0, 60
1298, 55, 0
1299, 56, 0
1300, 57, 0
1301, 58, 0
1302, 59, 0
1303, 60, 0
1304, 61, 0
1305, 62, 0
1306, 63, 0
1307, 64, 0
1308, 65, 0
1309, 66, 0
1310, 67, 0
1311, 68, 0
1312, 69, 0
1313, 70, 0
1314, 71, 0
1315, 72, 0
1316, 73, 0
1317, 74, 0
1318, 0, 61
1319, 75, 0
1320, 76, 0
1321, 77, 0
1322, 78, 0
1323, 79, 0
1324, 80, 0
1325, 81, 0
1326, 82, 0
1327, 83, 0
1328, 84, 0
1329, 85, 0
1330, 86, 0
1331, 87, 0
1332, 88, 0
1333, 89, 0
1334, 90, 0
1335, 91, 0
1336, 92, 0
1337, 93, 0
1338, 94, 0
1339, 0, 62
1340, 95, 0
1341, 96, 0
1342, 97, 0
1343, 98, 0
1344, 99, 0
1345, 100, 0
1346, 101, 0
1347, 102, 0
1348, 103, 0
1349, 104, 0
1350, 105, 0
1351, 106, 0
1352, 107, 0
1353, 108, 0
1354, 109, 0
1355, 110, 0
1356, 111, 0
1357, 112, 0
1358, 113, 0
1359, 114, 0
1360, 0, 63
1361, 115, 0
1362, 116, 0
1363, 117, 0
1364, 118, 0
1365, 119, 0
1366, 120, 0
1367, 121, 0
1368, 122, 0
1369, 123, 0
1370, 124, 0
1371, 125, 0
1372, 126, 0
1373, 127, 0
1374, 128, 0
1375, 129, 0
1376, 130, 0
1377, 131, 0
1378, 132, 0
1379, 133, 0
1380, 134, 0
1381, 0, 64
1382, 135, 0
1383, 136, 0
1384, 137, 0
1385, 138, 0
1386, 139, 0
1387, 140, 0
1388, 141, 0
1389, 142, 0
1390, 143, 0
1391, 144, 0
1392, 145, 0
1393, 146, 0
1394, 147, 0
1395, 148, 0
1396, 149, 0
1397, 150, 0
1398, 151, 0
1399, 152, 0
1400, 153, 0
1401, 0, 65
1402, 154, 0
1403, 155, 0
1404, 156, 0
1405, 157, 0
1406, 158, 0
1407, 159, 0
1408, 160, 0
1409, 161, 0
1410, 162, 0
1411, 163, 0
1412, 164, 0
1413, 165, 0
1414, 166, 0
1415, 167, 0
1416, 168, 0
1417, 169, 0
1418, 170, 0
1419, 171, 0
1420, 172, 0
1421, 173, 0
1422, 0, 66
1423, 174, 0
1424, 175, 0
1425, 176, 0
1426, 177, 0
1427, 178, 0
1428, 179, 0
1429, 180, 0
1430, 181, 0
1431, 182, 0
1432, 183, 0
1433, 184, 0
1434, 185, 0
1435, 186, 0
1436, 187, 0
1437, 188, 0
1438, 189, 0
1439, 190, 0
1440, 191, 0
1441, 192, 0
1442, 193, 0
1443, 0, 67
1444, 194, 0
1445, 195, 0
1446, 196, 0
1447, 197, 0
1448, 198, 0
1449, 199, 0
1450, 200, 0
1451, 201, 0
1452, 202, 0
1453, 203, 0
1454, 204, 0
1455, 205, 0
1456, 206, 0
1457, 207, 0
1458, 208, 0
1459, 209, 0
1460, 210, 0
1461, 211, 0
1462, 212, 0
1463, 213, 0
1464, 0, 68
1465, 214, 0
1466, 215, 0
1467, 216, 0
1468, 217, 0
1469, 218, 0
1470, 219, 0
1471, 220, 0
1472, 221, 0
1473, 222, 0
1474, 223, 0
1475, 224, 0
1476, 225, 0
1477, 226, 0
1478, 227, 0
1479, 228, 0
1480, 229, 0
1481, 230, 0
1482, 231, 0
1483, 232, 0
1484, 233, 0
1485, 0, 69
1486, 234, 0
1487, 235, 0
1488, 236, 0
1489, 237, 0
1490, 238, 0
1491, 239, 0
1492, 240, 0
1493, 241, 0
1494, 242, 0
1495, 243, 0
1496, 244, 0
1497, 245, 0
1498, 246, 0
1499, 247, 0
1500, 248, 0
1501, 249, 0
1502, 250, 0
1503, 251, 0
1504, 252, 0
1505, 253, 0
1506, 0, 70
1507, 254, 0
1508, 255, 0
1509, 1, 0
1510, 2, 0
1511, 3, 0
1512, 4, 0
1513, 5, 0
1514, 6, 0
1515, 7, 0
1516, 8, 0
1517, 9, 0
1518, 10, 0
1519, 11, 0
1520, 12, 0
1521, 13, 0
1522, 14, 0
1523, 15, 0
1524, 16, 0
1525, 17, 0
1526, 18, 0
1527, 0, 71
1528, 19, 0
1529, 20, 0
1530, 21, 0
1531, 22, 0
1532, 23, 0
1533, 24, 0
1534, 25, 0
1535, 26, 0
1536, 27, 0
1537, 28, 0
1538, 29, 0
1539, 30, 0
1540, 31, 0
1541, 32, 0
1542, 33, 0
1543, 34, 0
1544, 35, 0
1545, 36, 0
1546, 37, 0
1547, 38, 0
1548, 0, 72
1549, 39, 0
1550, 40, 0
1551, 41, 0
1552, 42, 0
1553, 43, 0
1554, 44, 0
1555, 45, 0
1556, 46, 0
1557, 47, 0
1558, 48, 0
1559, 49, 0
1560, 50, 0
1561, 51, 0
1562, 52, 0
1563, 53, 0
1564, 54, 0
1565, 55, 0
1566, 56, 0
1567, 57, 0
1568, 58, 0
1569, 0, 73
1570, 59, 0
1571, 60, 0
1572, 61, 0
1573, 62, 0
1574, 63, 0
1575, 64, 0
1576, 65, 0
1577, 66, 0
1578, 67, 0
1579, 68, 0
1580, 69, 0
1581, 70, 0
1582, 71, 0
1583, 72, 0
1584, 73, 0
1585, 74, 0
1586, 75, 0
1587, 76, 0
1588, 77, 0
1589, 78, 0
1590, 0, 74
1591, 79, 0
1592, 80, 0
1593, 81, 0
1594, 82, 0
1595, 83, 0
1596, 84, 0
1597, 85, 0
1598, 86, 0
1599, 87, 0
1600, 88, 0
1601, 89, 0
1602, 90, 0
1603, 91, 0
1604, 92, 0
1605, 93, 0
1606, 94, 0
1607, 95, 0
1608, 96, 0
1609, 97, 0
1610, 98, 0
1611, 0, 75
1612, 99, 0
1613, 100, 0
1614, 101, 0
1615, 102, 0
1616, 103, 0
1617, 104, 0
1618, 105, 0
1619, 106, 0
1620, 107, 0
1621, 108, 0
1622, 109, 0
1623, 110, 0
1624, 111, 0
1625, 112, 0
1626, 113, 0
1627, 114, 0
1628, 115, 0
1629, 116, 0
1630, 117, 0
1631, 0, 76
1632, 118, 0
1633, 119, 0
1634, 120, 0
1635, 121, 0
1636, 122, 0
1637, 123, 0
1638, 124, 0
1639, 125, 0
1640, 126, 0
1641, 127, 0
1642, 128, 0
1643, 129, 0
1644, 130, 0
1645, 131, 0
1646, 132, 0
1647, 133, 0
1648, 134, 0
1649, 135, 0
1650, 136, 0
1651, 137, 0
1652, 0, 77
1653, 138, 0
1654, 139, 0
1655, 140, 0
1656, 141, 0
1657, 142, 0
1658, 143, 0
1659, 144, 0
1660, 145, 0
1661, 146, 0
1662, 147, 0
1663, 148, 0
1664, 149, 0
1665, 150, 0
1666, 151, 0
1667, 152, 0
1668, 153, 0
1669, 154, 0
1670, 155, 0
1671, 156, 0
1672, 157, 0
1673, 0, 78
1674, 158, 0
1675, 159, 0
1676, 160, 0
1677, 161, 0
1678, 162, 0
1679, 163, 0
1680, 164, 0
1681, 165, 0
1682, 166, 0
1683, 167, 0
1684, 168, 0
1685, 169, 0
1686, 170, 0
1687, 171, 0
1688, 172, 0
1689, 173, 0
1690, 174, 0
1691, 175, 0
1692, 176, 0
1693, 177, 0
1694, 0, 79
1695, 178, 0
1696, 179, 0
1697, 180, 0
1698, 181, 0
1699, 182, 0
1700, 183, 0
1701, 184, 0
1702, 185, 0
1703, 186, 0
1704, 187, 0
1705, 188, 0
1706, 189, 0
1707, 190, 0
1708, 191, 0
1709, 192, 0
1710, 193, 0
1711, 194, 0
1712, 195, 0
1713, 196, 0
1714, 197, 0
1715, 0, 80
1716, 198, 0
1717, 199, 0
1718, 200, 0
1719, 201, 0
1720, 202, 0
1721, 203, 0
1722, 204, 0
1723, 205, 0
1724, 206, 0
1725, 207, 0
1726, 208, 0
1727, 209, 0
1728, 210, 0
1729, 211, 0
1730, 212, 0
1731, 213, 0
1732, 214, 0
1733, 215, 0
1734, 216, 0
1735, 0, 81
1736, 217, 0
1737, 218, 0
1738, 219, 0
1739, 220, 0
1740, 221, 0
1741, 222, 0
1742, 223, 0
1743, 224, 0
1744, 225, 0
1745, 226, 0
1746, 227, 0
1747, 228, 0
1748, 229, 0
1749, 230, 0
1750, 231, 0
1751, 232, 0
1752, 233, 0
1753, 234, 0
1754, 235, 0
1755, 236, 0
1756, 237, 0
1757, 0, 82
1758, 238, 0
1759, 239, 0
1760, 240, 0
1761, 241, 0
1762, 242, 0
1763, 243, 0
1764, 244, 0
1765, 245, 0
1766, 246, 0
1767, 247, 0
1768, 248, 0
1769, 249, 0
1770, 250, 0
1771, 251, 0
1772, 252, 0
1773, 253, 0
1774, 254, 0
1775, 255, 0
1776, 1, 0
1777, 2, 0
1778, 0, 83
1779, 3, 0
1780, 4, 0
1781, 5, 0
1782, 6, 0
1783, 7, 0
1784, 8, 0
1785, 9, 0
1786, 10, 0
1787, 11, 0
1788, 12, 0
1789, 13, 0
1790, 14, 0
1791, 15, 0
1792, 16, 0
1793, 17, 0
1794, 18, 0
1795, 19, 0
1796, 20, 0
1797, 21, 0
1798, 22, 0
1799, 0, 84
1800, 23, 0
1801, 24, 0
1802, 25, 0
1803, 26, 0
1804, 27, 0
1805, 28, 0
1806, 29, 0
1807, 30, 0
1808, 31, 0
1809, 32, 0
1810, 33, 0
1811, 34, 0
1812, 35, 0
1813, 36, 0
1814, 37, 0
1815, 38, 0
1816, 39, 0
1817, 40, 0
1818, 41, 0
1819, 0, 85
1820, 42, 0
1821, 43, 0
1822, 44, 0
1823, 45, 0
1824, 46, 0
1825, 47, 0
1826, 48, 0
1827, 49, 0
1828, 50, 0
1829, 51, 0
1830, 52, 0
1831, 53, 0
1832, 54, 0
1833, 55, 0
1834, 56, 0
1835, 57, 0
1836, 58, 0
1837, 59, 0
1838, 60, 0
1839, 61, 0
1840, 0, 86
1841, 62, 0
1842, 63, 0
1843, 64, 0
1844, 65, 0
1845, 66, 0
1846, 67, 0
1847, 68, 0
1848, 69, 0
1849, 70, 0
1850, 71, 0
1851, 72, 0
1852, 73, 0
1853, 74, 0
1854, 75, 0
1855, 76, 0
1856, 77, 0
1857, 78, 0
1858, 79, 0
1859, 80, 0
1860, 81, 0
1861, 0, 87
1862, 82, 0
1863, 83, 0
1864, 84, 0
1865, 85, 0
1866, 86, 0
1867, 87, 0
1868, 88, 0
1869, 89, 0
1870, 90, 0
1871, 91, 0
1872, 92, 0
1873, 93, 0
1874, 94, 0
1875, 95, 0
1876, 96, 0
1877, 97, 0
1878, 98, 0
1879, 99, 0
1880, 100, 0
1881, 101, 0
1882, 0, 88
1883, 102, 0
1884, 103, 0
1885, 104, 0
1886, 105, 0
1887, 106, 0
1888, 107, 0
1889, 108, 0
1890, 109, 0
1891, 110, 0
1892, 111, 0
1893, 112, 0
1894, 113, 0
1895, 114, 0
1896, 115, 0
1897, 116, 0
1898, 117, 0
1899, 118, 0
1900, 119, 0
1901, 120, 0
1902, 121, 0
1903, 0, 89
1904, 122, 0
1905, 123, 0
1906, 124, 0
1907, 125, 0
1908, 126, 0
1909, 127, 0
1910, 128, 0
1911, 129, 0
1912, 130, 0
1913, 131, 0
1914, 132, 0
1915, 133, 0
1916, 134, 0
1917, 135, 0
1918, 136, 0
1919, 137, 0
1920, 138, 0
1921, 139, 0
1922, 140, 0
1923, 141, 0
1924, 0, 90
1925, 142, 0
1926, 143, 0
1927, 144, 0
1928, 145, 0
1929, 146, 0
1930, 147, 0
1931, 148, 0
1932, 149, 0
1933, 150, 0
1934, 151, 0
1935, 152, 0
1936, 153, 0
1937, 154, 0
1938, 155, 0
1939, 156, 0
1940, 157, 0
1941, 158, 0
1942, 159, 0
1943, 160, 0
1944, 0, 91
1945, 161, 0
1946, 162, 0
1947, 163, 0
1948, 164, 0
1949, 165, 0
1950, 166, 0
1951, 167, 0
1952, 168, 0
1953, 169, 0
1954, 170, 0
1955, 171, 0
1956, 172, 0
1957, 173, 0
1958, 174, 0
1959, 175, 0
1960, 176, 0
1961, 177, 0
1962, 178, 0
1963, 179, 0
1964, 180, 0
1965, 181, 0
1966, 0, 92
1967, 182, 0
1968, 183, 0
1969, 184, 0
1970, 185, 0
1971, 186, 0
1972, 187, 0
1973, 188, 0
1974, 189, 0
1975, 190, 0
1976, 191, 0
1977, 192, 0
1978, 193, 0
1979, 194, 0
1980, 195, 0
1981, 196, 0
1982, 197, 0
1983, 198, 0
1984, 199, 0
1985, 200, 0
1986, 0, 93
1987, 201, 0
1988, 202, 0
1989, 203, 0
1990, 204, 0
1991, 205, 0
1992, 206, 0
1993, 207, 0
1994, 208, 0
1995, 209, 0
1996, 210, 0
1997, 211, 0
1998, 212, 0
1999, 213, 0
2000, 214, 0
2001, 215, 0
2002, 216, 0
2003, 217, 0
2004, 218, 0
2005, 219, 0
2006, 220, 0
2007, 0, 94
2008, 221, 0
2009, 222, 0
2010, 223, 0
2011, 224, 0
2012, 225, 0
2013, 226, 0
2014, 227, 0
2015, 228, 0
2016, 229, 0
2017, 230, 0
2018, 231, 0
2019, 232, 0
2020, 233, 0
2021, 234, 0
2022, 235, 0
2023, 236, 0
2024, 237, 0
2025, 238, 0
2026, 239, 0
2027, 240, 0
2028, 0, 95
2029, 241, 0
2030, 242, 0
2031, 243, 0
2032, 244, 0
2033, 245, 0
2034, 246, 0
2035, 247, 0
2036, 248, 0
2037, 249, 0
2038, 250, 0
2039, 251, 0
2040, 252, 0
2041, 253, 0
2042, 254, 0
2043, 255, 0
2044, 1, 0
2045, 2, 0
2046, 3, 0
2047, 4, 0
2048, 5, 0
2049, 0, 96
2050, 6, 0
2051, 7, 0
2052, 8, 0
2053, 9, 0
2054, 10, 0
2055, 11, 0
2056, 12, 0
2057, 13, 0
2058, 14, 0
2059, 15, 0
2060, 16, 0
2061, 17, 0
2062, 18, 0
2063, 19, 0
2064, 20, 0
2065, 21, 0
2066, 22, 0
2067, 23, 0
2068, 24, 0
2069, 25, 0
2070, 0, 97
2071, 26, 0
2072, 27, 0
2073, 28, 0
2074, 29, 0
2075, 30, 0
2076, 31, 0
2077, 32, 0
2078, 33, 0
2079, 34, 0
2080, 35, 0
2081, 36, 0
2082, 37, 0
2083, 38, 0
2084, 39, 0
2085, 40, 0
2086, 41, 0
2087, 42, 0
2088, 43, 0
2089, 44, 0
2090, 45, 0
2091, 0, 98
2092, 46, 0
2093, 47, 0
2094, 48, 0
2095, 49, 0
2096, 50, 0
2097, 51, 0
2098, 52, 0
2099, 53, 0
2100, 54, 0
2101, 55, 0
2102, 56, 0
2103, 57, 0
2104, 58, 0
2105, 59, 0
2106, 60, 0
2107, 61, 0
2108, 62, 0
2109, 63, 0
2110, 64, 0
2111, 65, 0
2112, 0, 99
2113, 66, 0
2114, 67, 0
2115, 68, 0
2116, 69, 0
2117, 70, 0
2118, 71, 0
2119, 72, 0
2120, 73, 0
2121, 74, 0
2122, 75, 0
2123, 76, 0
2124, 77, 0
2125, 78, 0
2126, 79, 0
2127, 80, 0
2128, 81, 0
2129, 82, 0
2130, 83, 0
2131, 84, 0
2132, 85, 0
2133, 86, 0
2134, 87, 0
2135, 88, 0
2136, 89, 0
2137, 90, 0
2138, 91, 0
2139, 92, 0
2140, 93, 0
2141, 94, 0
2142, 95, 0
2143, 96, 0
2144, 97, 0
2145, 98, 0
2146, 99, 0
2147, 100, 0
2148, 101, 0
2149, 102, 0
2150, 103, 0
2151, 104, 0
2152, 105, 0
2153, 106, 0
2154, 107, 0
2155, 108, 0
2156, 109, 0
2157, 110, 0
2158, 111, 0
2159, 112, 0
2160, 113, 0
2161, 114, 0
2162, 115, 0
2163, 116, 0
2164, 117, 0
2165, 118, 0
2166, 119, 0
2167, 120, 0
2168, 121, 0
2169, 122, 0
2170, 123, 0
2171, 124, 0
2172, 125, 0
2173, 126, 0
2174, 127, 0
2175, 128, 0
2176, 129, 0
2177, 130, 0
2178, 131, 0
2179, 132, 0
2180, 133, 0
2181, 134, 0
2182, 135, 0
2183, 136, 0
2184, 137, 0
2185, 138, 0
2186, 139, 0
2187, 140, 0
2188, 141, 0
2189, 142, 0
2190, 143, 0
2191, 144, 0
2192, 145, 0
2193, 146, 0
2194, 147, 0
2195, 148, 0
2196, 149, 0
2197, 150, 0
2198, 151, 0
2199, 152, 0
2200, 153, 0
2201, 154, 0
2202, 155, 0
2203, 156, 0
2204, 157, 0
2205, 158, 0
2206, 159, 0
2207, 160, 0
2208, 161, 0
2209, 162, 0
2210, 163, 0
2211, 164, 0
2212, 165, 0
2213, 166, 0
2214, 167, 0
2215, 168, 0
2216, 169, 0
2217, 170, 0
2218, 171, 0
2219, 172, 0
2220, 173, 0
2221, 174, 0
2222, 175, 0
2223, 176, 0
2224, 177, 0
2225, 178, 0
2226, 179, 0
2227, 180, 0
2228, 181, 0
2229, 182, 0
2230, 183, 0
2231, 184, 0
2232, 185, 0
2233, 186, 0
2234, 187, 0
2235, 188, 0
2236, 189, 0
2237, 190, 0
2238, 191, 0
2239, 192, 0
2240, 193, 0
2241, 194, 0
2242, 195, 0
2243, 196, 0
2244, 197, 0
2245, 198, 0
2246, 199, 0
2247, 200, 0
2248, 201, 0
2249, 202, 0
2250, 203, 0
2251, 204, 0
2252, 205, 0
2253, 0, 100
2254, 0, 100
2255, 206, 0
2256, 207, 0
2257, 208, 0
2258, 209, 0
2259, 210, 0
2260, 211, 0
2261, 212, 0
2262, 213, 0
2263, 214, 0
2264, 215, 0
2265, 216, 0
2266, 217, 0
2267, 218, 0
2268, 219, 0
2269, 220, 0
2270, 221, 0
2271, 222, 0
2272, 223, 0
2273, 224, 0
2274, 0, 101
2275, 225, 0
2276, 226, 0
2277, 227, 0
2278, 228, 0
2279, 229, 0
2280, 230, 0
2281, 231, 0
2282, 232, 0
2283, 233, 0
2284, 234, 0
2285, 235, 0
2286, 236, 0
2287, 237, 0
2288, 238, 0
2289, 239, 0
2290, 240, 0
2291, 241, 0
2292, 242, 0
2293, 243, 0
2294, 244, 0
2295, 0, 102
2296, 245, 0
2297, 246, 0
2298, 247, 0
2299, 248, 0
2300, 249, 0
2301, 250, 0
2302, 251, 0
2303, 252, 0
2304, 253, 0
2305, 254, 0
2306, 255, 0
2307, 1, 0
2308, 2, 0
2309, 3, 0
2310, 4, 0
2311, 5, 0
2312, 6, 0
2313, 7, 0
2314, 8, 0
2315, 9, 0
2316, 0, 103
2317, 10, 0
2318, 11, 0
2319, 12, 0
2320, 13, 0
2321, 14, 0
2322, 15, 0
2323, 16, 0
2324, 17, 0
2325, 18, 0
2326, 19, 0
2327, 20, 0
2328, 21, 0
2329, 22, 0
2330, 23, 0
2331, 24, 0
2332, 25, 0
2333, 26, 0
2334, 27, 0
2335, 28, 0
2336, 29, 0
2337, 0, 104
2338, 30, 0
2339, 31, 0
2340, 32, 0
2341, 33, 0
2342, 34, 0
2343, 35, 0
2344, 36, 0
2345, 37, 0
2346, 38, 0
2347, 39, 0
2348, 40, 0
2349, 41, 0
2350, 42, 0
2351, 43, 0
2352, 44, 0
2353, 45, 0
2354, 46, 0
2355, 47, 0
2356, 48, 0
2357, 49, 0
2358, 0, 105
2359, 50, 0
2360, 51, 0
2361, 52, 0
2362, 53, 0
2363, 54, 0
2364, 55, 0
2365, 56, 0
2366, 57, 0
2367, 58, 0
2368, 59, 0
2369, 60, 0
2370, 61, 0
2371, 62, 0
2372, 63, 0
2373, 64, 0
2374, 65, 0
2375, 66, 0
2376, 67, 0
2377, 68, 0
2378, 69, 0
2379, 0, 106
2380, 70, 0
2381, 71, 0
2382, 72, 0
2383, 73, 0
2384, 74, 0
2385, 75, 0
2386, 76, 0
2387, 77, 0
2388, 78, 0
2389, 79, 0
2390, 80, 0
2391, 81, 0
2392, 82, 0
2393, 83, 0
2394, 84, 0
2395, 85, 0
2396, 86, 0
2397, 87, 0
2398, 88, 0
2399, 0, 107
2400, 89, 0
2401, 90, 0
2402, 91, 0
2403, 92, 0
2404, 93, 0
2405, 94, 0
2406, 95, 0
2407, 96, 0
2408, 97, 0
2409, 98, 0
2410, 99, 0
2411, 100, 0
2412, 101, 0
2413, 102, 0
2414, 103, 0
2415, 104, 0
2416, 105, 0
2417, 106, 0
2418, 107, 0
2419, 108, 0
2420, 0, 108
2421, 109, 0
2422, 110, 0
2423, 111, 0
2424, 112, 0
2425, 113, 0
2426, 114, 0
2427, 115, 0
2428, 116, 0
2429, 117, 0
2430, 118, 0
2431, 119, 0
2432, 120, 0
2433, 121, 0
2434, 122, 0
2435, 123, 0
2436, 124, 0
2437, 125, 0
2438, 126, 0
2439, 127, 0
2440, 128, 0
2441, 0, 109
2442, 129, 0
2443, 130, 0
2444, 131, 0
2445, 132, 0
2446, 133, 0
2447, 134, 0
2448, 135, 0
2449, 136, 0
2450, 137, 0
2451, 138, 0
2452, 139, 0
2453, 140, 0
2454, 141, 0
2455, 142, 0
2456, 143, 0
2457, 144, 0
2458, 145, 0
2459, 146, 0
2460, 147, 0
2461, 148, 0
2462, 0, 110
2463, 149, 0
2464, 150, 0
2465, 151, 0
2466, 152, 0
2467, 153, 0
2468, 154, 0
2469, 155, 0
2470, 156, 0
2471, 157, 0
2472, 158, 0
2473, 159, 0
2474, 160, 0
2475, 161, 0
2476, 162, 0
2477, 163, 0
2478, 164, 0
2479, 165, 0
2480, 166, 0
2481, 167, 0
2482, 168, 0
2483, 0, 111
2484, 169, 0
2485, 170, 0
2486, 171, 0
2487, 172, 0
2488, 173, 0
2489, 174, 0
2490, 175, 0
2491, 176, 0
2492, 177, 0
2493, 178, 0
2494, 179, 0
2495, 180, 0
2496, 181, 0
2497, 182, 0
2498, 183, 0
2499, 184, 0
2500, 185, 0
2501, 186, 0
2502, 187, 0
2503, 188, 0
2504, 0, 112
2505, 189, 0
2506, 190, 0
2507, 191, 0
2508, 192, 0
2509, 193, 0
2510, 194, 0
2511, 195, 0
2512, 196, 0
2513, 197, 0
2514, 198, 0
2515, 199, 0
2516, 200, 0
2517, 201, 0
2518, 202, 0
2519, 203, 0
2520, 204, 0
2521, 205, 0
2522, 206, 0
2523, 207, 0
2524, 208, 0
2525, 0, 113
2526, 209, 0
2527, 210, 0
2528, 211, 0
2529, 212, 0
2530, 213, 0
2531, 214, 0
2532, 215, 0
2533, 216, 0
2534, 217, 0
2535, 218, 0
2536, 219, 0
2537, 220, 0
2538, 221, 0
2539, 222, 0
2540, 223, 0
2541, 224, 0
2542, 225, 0
2543, 226, 0
2544, 227, 0
2545, 228, 0
2546, 0, 114
2547, 229, 0
2548, 230, 0
2549, 231, 0
2550, 232, 0
2551, 233, 0
2552, 234, 0
2553, 235, 0
2554, 236, 0
2555, 237, 0
2556, 238, 0
2557, 239, 0
2558, 240, 0
2559, 241, 0
2560, 242, 0
2561, 243, 0
2562, 244, 0
2563, 245, 0
2564, 246, 0
2565, 247, 0
2566, 248, 0
2567, 0, 115
2568, 249, 0
2569, 250, 0
2570, 251, 0
2571, 252, 0
2572, 253, 0
2573, 254, 0
2574, 255, 0
2575, 1, 0
2576, 2, 0
2577, 3, 0
2578, 4, 0
2579, 5, 0
2580, 6, 0
2581, 7, 0
2582, 8, 0
2583, 9, 0
2584, 10, 0
2585, 11, 0
2586, 12, 0
2587, 13, 0
2588, 0, 116
2589, 14, 0
2590, 15, 0
2591, 16, 0
2592, 17, 0
2593, 18, 0
2594, 19, 0
2595, 20, 0
2596, 21, 0
2597, 22, 0
2598, 23, 0
2599, 24, 0
2600, 25, 0
2601, 26, 0
2602, 27, 0
2603, 28, 0
2604, 29, 0
2605, 30, 0
2606, 31, 0
2607, 32, 0
2608, 0, 117
2609, 33, 0
2610, 34, 0
2611, 35, 0
2612, 36, 0
2613, 37, 0
2614, 38, 0
2615, 39, 0
2616, 40, 0
2617, 41, 0
2618, 42, 0
2619, 43, 0
2620, 44, 0
2621, 45, 0
2622, 46, 0
2623, 47, 0
2624, 48, 0
2625, 49, 0
2626, 50, 0
2627, 51, 0
2628, 52, 0
2629, 53, 0
2630, 0, 118
2631, 54, 0
2632, 55, 0
2633, 56, 0
2634, 57, 0
2635, 58, 0
2636, 59, 0
2637, 60, 0
2638, 61, 0
2639, 62, 0
2640, 63, 0
2641, 64, 0
2642, 65, 0
2643, 66, 0
2644, 67, 0
2645, 68, 0
2646, 69, 0
2647, 70, 0
2648, 71, 0
2649, 72, 0
2650, 0, 119
2651, 73, 0
2652, 74, 0
2653, 75, 0
2654, 76, 0
2655, 77, 0
2656, 78, 0
2657, 79, 0
2658, 80, 0
2659, 81, 0
2660, 82, 0
2661, 83, 0
2662, 84, 0
2663, 85, 0
2664, 86, 0
2665, 87, 0
2666, 88, 0
2667, 89, 0
2668, 90, 0
2669, 91, 0
2670, 92, 0
2671, 0, 120
2672, 93, 0
2673, 94, 0
2674, 95, 0
2675, 96, 0
2676, 97, 0
2677, 98, 0
2678, 99, 0
2679, 100, 0
2680, 101, 0
2681, 102, 0
2682, 103, 0
2683, 104, 0
2684, 105, 0
2685, 106, 0
2686, 107, 0
2687, 108, 0
2688, 109, 0
2689, 110, 0
2690, 111, 0
2691, 112, 0
2692, 0, 121
2693, 113, 0
2694, 114, 0
2695, 115, 0
2696, 116, 0
2697, 117, 0
2698, 118, 0
2699, 119, 0
2700, 120, 0
2701, 121, 0
2702, 122, 0
2703, 123, 0
2704, 124, 0
2705, 125, 0
2706, 126, 0
2707, 127, 0
2708, 128, 0
2709, 129, 0
2710, 130, 0
2711, 131, 0
2712, 132, 0
2713, 0, 122
2714, 133, 0
2715, 134, 0
2716, 135, 0
2717, 136, 0
2718, 137, 0
2719, 138, 0
2720, 139, 0
2721, 140, 0
2722, 141, 0
2723, 142, 0
2724, 143, 0
2725, 144, 0
2726, 145, 0
2727, 146, 0
2728, 147, 0
2729, 148, 0
2730, 149, 0
2731, 150, 0
2732, 151, 0
2733, 152, 0
2734, 0, 123
2735, 153, 0
2736, 154, 0
2737, 155, 0
2738, 156, 0
2739, 157, 0
2740, 158, 0
2741, 159, 0
2742, 160, 0
2743, 161, 0
2744, 162, 0
2745, 163, 0
2746, 164, 0
2747, 165, 0
2748, 166, 0
2749, 167, 0
2750, 168, 0
2751, 169, 0
2752, 170, 0
2753, 171, 0
2754, 172, 0
2755, 0, 124
2756, 173, 0
2757, 174, 0
2758, 175, 0
2759, 176, 0
2760, 177, 0
2761, 178, 0
2762, 179, 0
2763, 180, 0
2764, 181, 0
2765, 182, 0
2766, 183, 0
2767, 184, 0
2768, 185, 0
2769, 186, 0
2770, 187, 0
2771, 188, 0
2772, 189, 0
2773, 190, 0
2774, 191, 0
2775, 0, 125
2776, 192, 0
2777, 193, 0
2778, 194, 0
2779, 195, 0
2780, 196, 0
2781, 197, 0
2782, 198, 0
2783, 199, 0
2784, 200, 0
2785, 201, 0
2786, 202, 0
2787, 203, 0
2788, 204, 0
2789, 205, 0
2790, 206, 0
2791, 207, 0
2792, 208, 0
2793, 209, 0
2794, 210, 0
2795, 211, 0
2796, 212, 0
2797, 0, 126
2798, 213, 0
2799, 214, 0
2800, 215, 0
2801, 216, 0
2802, 217, 0
2803, 218, 0
2804, 219, 0
2805, 220, 0
2806, 221, 0
2807, 222, 0
2808, 223, 0
2809, 224, 0
2810, 225, 0
2811, 226, 0
2812, 227, 0
2813, 228, 0
2814, 229, 0
2815, 230, 0
2816, 231, 0
2817, 0, 127
2818, 232, 0
2819, 233, 0
2820, 234, 0
2821, 235, 0
2822, 236, 0
2823, 237, 0
2824, 238, 0
2825, 239, 0
2826, 240, 0
2827, 241, 0
2828, 242, 0
2829, 243, 0
2830, 244, 0
2831, 245, 0
2832, 246, 0
2833, 247, 0
2834, 248, 0
2835, 249, 0
2836, 250, 0
2837, 251, 0
2838, 0, 128
2839, 252, 0
2840, 253, 0
2841, 254, 0
2842, 255, 0
2843, 1, 0
2844, 2, 0
2845, 3, 0
2846, 4, 0
2847, 5, 0
2848, 6, 0
2849, 7, 0
2850, 8, 0
2851, 9, 0
2852, 10, 0
2853, 11, 0
2854, 12, 0
2855, 13, 0
2856, 14, 0
2857, 15, 0
2858, 16, 0
2859, 0, 129
2860, 17, 0
2861, 18, 0
2862, 19, 0
2863, 20, 0
2864, 21, 0
2865, 22, 0
2866, 23, 0
2867, 24, 0
2868, 25, 0
2869, 26, 0
2870, 27, 0
2871, 28, 0
2872, 29, 0
2873, 30, 0
2874, 31, 0
2875, 32, 0
2876, 33, 0
2877, 34, 0
2878, 35, 0
2879, 36, 0
2880, 0, 130
2881, 37, 0
2882, 38, 0
2883, 39, 0
2884, 40, 0
2885, 41, 0
2886, 42, 0
2887, 43, 0
2888, 44, 0
2889, 45, 0
2890, 46, 0
2891, 47, 0
2892, 48, 0
2893, 49, 0
2894, 50, 0
2895, 51, 0
2896, 52, 0
2897, 53, 0
2898, 54, 0
2899, 55, 0
2900, 56, 0
2901, 0, 131
2902, 57, 0
2903, 58, 0
2904, 59, 0
2905, 60, 0
2906, 61, 0
2907, 62, 0
2908, 63, 0
2909, 64, 0
2910, 65, 0
2911, 66, 0
2912, 67, 0
2913, 68, 0
2914, 69, 0
2915, 70, 0
2916, 71, 0
2917, 72, 0
2918, 73, 0
2919, 74, 0
2920, 75, 0
2921, 76, 0
2922, 0, 132
2923, 77, 0
2924, 78, 0
2925, 79, 0
2926, 80, 0
2927, 81, 0
2928, 82, 0
2929, 83, 0
2930, 84, 0
2931, 85, 0
2932, 86, 0
2933, 87, 0
2934, 88, 0
2935, 89, 0
2936, 90, 0
2937, 91, 0
2938, 92, 0
2939, 93, 0
2940, 94, 0
2941, 95, 0
2942, 96, 0
2943, 0, 133
2944, 97, 0
2945, 98, 0
2946, 99, 0
2947, 100, 0
2948, 101, 0
2949, 102, 0
2950, 103, 0
2951, 104, 0
2952, 105, 0
2953, 106, 0
2954, 107, 0
2955, 108, 0
2956, 109, 0
2957, 110, 0
2958, 111, 0
2959, 112, 0
2960, 113, 0
2961, 114, 0
2962, 115, 0
2963, 0, 134
2964, 116, 0
2965, 117, 0
2966, 118, 0
2967, 119, 0
2968, 120, 0
2969, 121, 0
2970, 122, 0
2971, 123, 0
2972, 124, 0
2973, 125, 0
2974, 126, 0
2975, 127, 0
2976, 128, 0
2977, 129, 0
2978, 130, 0
2979, 131, 0
2980, 132, 0
2981, 133, 0
2982, 134, 0
2983, 135, 0
2984, 136, 0
2985, 0, 135
2986, 137, 0
2987, 138, 0
2988, 139, 0
2989, 140, 0
2990, 141, 0
2991, 142, 0
2992, 143, 0
2993, 144, 0
2994, 145, 0
2995, 146, 0
2996, 147, 0
2997, 148, 0
2998, 149, 0
2999, 150, 0
3000, 151, 0
3001, 152, 0
3002, 153, 0
3003, 154, 0
3004, 155, 0
3005, 156, 0
3006, 0, 136
3007, 157, 0
3008, 158, 0
3009, 159, 0
3010, 160, 0
3011, 161, 0
3012, 162, 0
3013, 163, 0
3014, 164, 0
3015, 165, 0
3016, 166, 0
3017, 167, 0
3018, 168, 0
3019, 169, 0
3020, 170, 0
3021, 171, 0
3022, 172, 0
3023, 173, 0
3024, 174, 0
3025, 175, 0
3026, 176, 0
3027, 0, 137
3028, 177, 0
3029, 178, 0
3030, 179, 0
3031, 180, 0
3032, 181, 0
3033, 182, 0
3034, 183, 0
3035, 184, 0
3036, 185, 0
3037, 186, 0
3038, 187, 0
3039, 188, 0
3040, 189, 0
3041, 190, 0
3042, 191, 0
3043, 192, 0
3044, 193, 0
3045, 194, 0
3046, 195, 0
3047, 0, 138
3048, 196, 0
3049, 197, 0
3050, 198, 0
3051, 199, 0
3052, 200, 0
3053, 201, 0
3054, 202, 0
3055, 203, 0
3056, 204, 0
3057, 205, 0
3058, 206, 0
3059, 207, 0
3060, 208, 0
3061, 209, 0
3062, 210, 0
3063, 211, 0
3064, 212, 0
3065, 213, 0
3066, 214, 0
3067, 215, 0
3068, 0, 139
3069, 216, 0
3070, 217, 0
3071, 218, 0
3072, 219, 0
3073, 220, 0
3074, 221, 0
3075, 222, 0
3076, 223, 0
3077, 224, 0
3078, 225, 0
3079, 226, 0
3080, 227, 0
3081, 228, 0
3082, 229, 0
3083, 230, 0
3084, 231, 0
3085, 232, 0
3086, 233, 0
3087, 234, 0
3088, 235, 0
3089, 0, 140
3090, 236, 0
3091, 237, 0
3092, 238, 0
3093, 239, 0
3094, 240, 0
3095, 241, 0
3096, 242, 0
3097, 243, 0
3098, 244, 0
3099, 245, 0
3100, 246, 0
3101, 247, 0
3102, 248, 0
3103, 249, 0
3104, 250, 0
3105, 251, 0
3106, 252, 0
3107, 253, 0
3108, 254, 0
3109, 255, 0
3110, 0, 141
3111, 1, 0
3112, 2, 0
3113, 3, 0
3114, 4, 0
3115, 5, 0
3116, 6, 0
3117, 7, 0
3118, 8, 0
3119, 9, 0
3120, 10, 0
3121, 11, 0
3122, 12, 0
3123, 13, 0
3124, 14, 0
3125, 15, 0
3126, 16, 0
3127, 17, 0
3128, 18, 0
3129, 19, 0
3130, 20, 0
3131, 0, 142
3132, 21, 0
3133, 22, 0
3134, 23, 0
3135, 24, 0
3136, 25, 0
3137, 26, 0
3138, 27, 0
3139, 28, 0
3140, 29, 0
3141, 30, 0
3142, 31, 0
3143, 32, 0
3144, 33, 0
3145, 34, 0
3146, 35, 0
3147, 36, 0
3148, 37, 0
3149, 38, 0
3150, 39, 0
3151, 40, 0
3152, 0, 143
3153, 41, 0
3154, 42, 0
3155, 43, 0
3156, 44, 0
3157, 45, 0
3158, 46, 0
3159, 47, 0
3160, 48, 0
3161, 49, 0
3162, 50, 0
3163, 51, 0
3164, 52, 0
3165, 53, 0
3166, 54, 0
3167, 55, 0
3168, 56, 0
3169, 57, 0
3170, 58, 0
3171, 59, 0
3172, 60, 0
3173, 0, 144
3174, 61, 0
3175, 62, 0
3176, 63, 0
3177, 64, 0
3178, 65, 0
3179, 66, 0
3180, 67, 0
3181, 68, 0
3182, 69, 0
3183, 70, 0
3184, 71, 0
3185, 72, 0
3186, 73, 0
3187, 74, 0
3188, 75, 0
3189, 76, 0
3190, 77, 0
3191, 78, 0
3192, 79, 0
3193, 80, 0
3194, 0, 145
3195, 81, 0
3196, 82, 0
3197, 83, 0
3198, 84, 0
3199, 85, 0
3200, 86, 0
3201, 87, 0
3202, 88, 0
3203, 89, 0
3204, 90, 0
3205, 91, 0
3206, 92, 0
3207, 93, 0
3208, 94, 0
3209, 95, 0
3210, 96, 0
3211, 97, 0
3212, 98, 0
3213, 99, 0
3214, 0, 146
3215, 100, 0
3216, 101, 0
3217, 102, 0
3218, 103, 0
3219, 104, 0
3220, 105, 0
3221, 106, 0
3222, 107, 0
3223, 108, 0
3224, 109, 0
3225, 110, 0
3226, 111, 0
3227, 112, 0
3228, 113, 0
3229, 114, 0
3230, 115, 0
3231, 116, 0
3232, 117, 0
3233, 118, 0
3234, 119, 0
3235, 0, 147
3236, 120, 0
3237, 121, 0
3238, 122, 0
3239, 123, 0
3240, 124, 0
3241, 125, 0
3242, 126, 0
3243, 127, 0
3244, 128, 0
3245, 129, 0
3246, 130, 0
3247, 131, 0
3248, 132, 0
3249, 133, 0
3250, 134, 0
3251, 135, 0
3252, 136, 0
3253, 137, 0
3254, 138, 0
3255, 139, 0
3256, 0, 148
3257, 140, 0
3258, 141, 0
3259, 142, 0
3260, 143, 0
3261, 144, 0
3262, 145, 0
3263, 146, 0
3264, 147, 0
3265, 148, 0
3266, 149, 0
3267, 150, 0
3268, 151, 0
3269, 152, 0
3270, 153, 0
3271, 154, 0
3272, 155, 0
3273, 156, 0
3274, 157, 0
3275, 158, 0
3276, 159, 0
3277, 0, 149
3278, 160, 0
3279, 161, 0
3280, 162, 0
3281, 163, 0
3282, 164, 0
3283, 165, 0
3284, 166, 0
3285, 167, 0
3286, 168, 0
3287, 169, 0
3288, 170, 0
3289, 171, 0
3290, 172, 0
3291, 173, 0
3292, 174, 0
3293, 175, 0
3294, 176, 0
3295, 177, 0
3296, 178, 0
3297, 179, 0
3298, 0, 150
3299, 180, 0
3300, 181, 0
3301, 182, 0
3302, 183, 0
3303, 184, 0
3304, 185, 0
3305, 186, 0
3306, 187, 0
3307, 188, 0
3308, 189, 0
3309, 190, 0
3310, 191, 0
3311, 192, 0
3312, 193, 0
3313, 194, 0
3314, 195, 0
3315, 196, 0
3316, 197, 0
3317, 198, 0
3318, 199, 0
3319, 0, 151
3320, 200, 0
3321, 201, 0
3322, 202, 0
3323, 203, 0
3324, 204, 0
3325, 205, 0
3326, 206, 0
3327, 207, 0
3328, 208, 0
3329, 209, 0
3330, 210, 0
3331, 211, 0
3332, 212, 0
3333, 213, 0
3334, 214, 0
3335, 215, 0
3336, 216, 0
3337, 217, 0
3338, 218, 0
3339, 219, 0
3340, 0, 152
3341, 220, 0
3342, 221, 0
3343, 222, 0
3344, 223, 0
3345, 224, 0
3346, 225, 0
3347, 226, 0
3348, 227, 0
3349, 228, 0
3350, 229, 0
3351, 230, 0
3352, 231, 0
3353, 232, 0
3354, 233, 0
3355, 234, 0
3356, 235, 0
3357, 236, 0
3358, 237, 0
3359, 238, 0
3360, 239, 0
3361, 0, 153
3362, 240, 0
3363, 241, 0
3364, 242, 0
3365, 243, 0
3366, 244, 0
3367, 245, 0
3368, 246, 0
3369, 247, 0
3370, 248, 0
3371, 249, 0
3372, 250, 0
3373, 251, 0
3374, 252, 0
3375, 253, 0
3376, 254, 0
3377, 255, 0
3378, 1, 0
3379, 2, 0
3380, 3, 0
3381, 4, 0
3382, 0, 154
3383, 5, 0
3384, 6, 0
3385, 7, 0
3386, 8, 0
3387, 9, 0
3388, 10, 0
3389, 11, 0
3390, 12, 0
3391, 13, 0
3392, 14, 0
3393, 15, 0
3394, 16, 0
3395, 17, 0
3396, 18, 0
3397, 19, 0
3398, 20, 0
3399, 21, 0
3400, 22, 0
3401, 23, 0
3402, 24, 0
3403, 0, 155
3404, 25, 0
3405, 26, 0
3406, 27, 0
3407, 28, 0
3408, 29, 0
3409, 30, 0
3410, 31, 0
3411, 32, 0
3412, 33, 0
3413, 34, 0
3414, 35, 0
3415, 36, 0
3416, 37, 0
3417, 38, 0
3418, 39, 0
3419, 40, 0
3420, 41, 0
3421, 42, 0
3422, 43, 0
3423, 0, 156
3424, 44, 0
3425, 45, 0
3426, 46, 0
3427, 47, 0
3428, 48, 0
3429, 49, 0
3430, 50, 0
3431, 51, 0
3432, 52, 0
3433, 53, 0
3434, 54, 0
3435, 55, 0
3436, 56, 0
3437, 57, 0
3438, 58, 0
3439, 59, 0
3440, 60, 0
3441, 61, 0
3442, 62, 0
3443, 63, 0
3444, 0, 157
3445, 64, 0
3446, 65, 0
3447, 66, 0
3448, 67, 0
3449, 68, 0
3450, 69, 0
3451, 70, 0
3452, 71, 0
3453, 72, 0
3454, 73, 0
3455, 74, 0
3456, 75, 0
3457, 76, 0
3458, 77, 0
3459, 78, 0
3460, 79, 0
3461, 80, 0
3462, 81, 0
3463, 82, 0
3464, 83, 0
3465, 0, 158
3466, 84, 0
3467, 85, 0
3468, 86, 0
3469, 87, 0
3470, 88, 0
3471, 89, 0
3472, 90, 0
3473, 91, 0
3474, 92, 0
3475, 93, 0
3476, 94, 0
3477, 95, 0
3478, 96, 0
3479, 97, 0
3480, 98, 0
3481, 99, 0
3482, 100, 0
3483, 101, 0
3484, 102, 0
3485, 103, 0
3486, 0, 159
3487, 104, 0
3488, 105, 0
3489, 106, 0
3490, 107, 0
3491, 108, 0
3492, 109, 0
3493, 110, 0
3494, 111, 0
3495, 112, 0
3496, 113, 0
3497, 114, 0
3498, 115, 0
3499, 116, 0
3500, 117, 0
3501, 118, 0
3502, 119, 0
3503, 120, 0
3504, 121, 0
3505, 122, 0
3506, 123, 0
3507, 0, 160
3508, 124, 0
3509, 125, 0
3510, 126, 0
3511, 127, 0
3512, 128, 0
3513, 129, 0
3514, 130, 0
3515, 131, 0
3516, 132, 0
3517, 133, 0
3518, 134, 0
3519, 135, 0
3520, 136, 0
3521, 137, 0
3522, 138, 0
3523, 139, 0
3524, 140, 0
3525, 141, 0
3526, 142, 0
3527, 143, 0
3528, 0, 161
3529, 144, 0
3530, 145, 0
3531, 146, 0
3532, 147, 0
3533, 148, 0
3534, 149, 0
3535, 150, 0
3536, 151, 0
3537, 152, 0
3538, 153, 0
3539, 154, 0
3540, 155, 0
3541, 156, 0
3542, 157, 0
3543, 158, 0
3544, 159, 0
3545, 160, 0
3546, 161, 0
3547, 162, 0
3548, 163, 0
3549, 0, 162
3550, 164, 0
3551, 165, 0
3552, 166, 0
3553, 167, 0
3554, 168, 0
3555, 169, 0
3556, 170, 0
3557, 171, 0
3558, 172, 0
3559, 173, 0
3560, 174, 0
3561, 175, 0
3562, 176, 0
3563, 177, 0
3564, 178, 0
3565, 179, 0
3566, 180, 0
3567, 181, 0
3568, 182, 0
3569, 183, 0
3570, 0, 163
3571, 184, 0
3572, 185, 0
3573, 186, 0
3574, 187, 0
3575, 188, 0
3576, 189, 0
3577, 190, 0
3578, 191, 0
3579, 192, 0
3580, 193, 0
3581, 194, 0
3582, 195, 0
3583, 196, 0
3584, 197, 0
3585, 198, 0
3586, 199, 0
3587, 204, 0
3588, 209, 0
3589, 210, 0
3590, 211, 0
3591, 212, 0
3592, 213, 0
3593, 214, 0
3594, 215, 0
3595, 216, 0
3596, 217, 0
3597, 218, 0
3598, 219, 0
3599, 220, 0
3600, 221, 0
3601, 222, 0
3602, 225, 0
3603, 226, 0
3604, 227, 0
3605, 228, 0
3606, 229, 0
3607, 230, 0
3608, 231, 0
3609, 232, 0
3610, 233, 0
3611, 234, 0
3612, 235, 0
3613, 236, 0
3614, 237, 0
3615, 238, 0
3616, 0, 166
3617, 239, 0
3618, 244, 0
3619, 245, 0
3620, 246, 0
3621, 247, 0
3622, 248, 0
3623, 249, 0
3624, 250, 0
3625, 251, 0
3626, 252, 0
3627, 253, 0
3628, 254, 0
3629, 255, 0
3630, 1, 0
3631, 2, 0
3632, 3, 0
3633, 4, 0
3634, 5, 0
3635, 6, 0
3636, 7, 0
3637, 0, 167
3638, 8, 0
3639, 9, 0
3640, 10, 0
3641, 11, 0
3642, 12, 0
3643, 13, 0
3644, 14, 0
3645, 15, 0
3646, 16, 0
3647, 17, 0
3648, 18, 0
3649, 19, 0
3650, 20, 0
3651, 21, 0
3652, 22, 0
3653, 23, 0
3654, 24, 0
3655, 25, 0
3656, 26, 0
3657, 27, 0
3658, 0, 168
3659, 28, 0
3660, 29, 0
3661, 30, 0
3662, 31, 0
3663, 32, 0
3664, 33, 0
3665, 34, 0
3666, 35, 0
3667, 36, 0
3668, 37, 0
3669, 38, 0
3670, 39, 0
3671, 40, 0
3672, 41, 0
3673, 42, 0
3674, 43, 0
3675, 44, 0
3676, 45, 0
3677, 46, 0
3678, 47, 0
3679, 0, 169
3680, 48, 0
3681, 49, 0
3682, 50, 0
3683, 51, 0
3684, 52, 0
3685, 53, 0
3686, 54, 0
3687, 55, 0
3688, 56, 0
3689, 57, 0
3690, 58, 0
3691, 59, 0
3692, 60, 0
3693, 61, 0
3694, 62, 0
3695, 63, 0
3696, 64, 0
3697, 65, 0
3698, 66, 0
3699, 67, 0
3700, 0, 170
3701, 68, 0
3702, 69, 0
3703, 70, 0
3704, 71, 0
3705, 72, 0
3706, 73, 0
3707, 74, 0
3708, 75, 0
3709, 76, 0
3710, 77, 0
3711, 78, 0
3712, 79, 0
3713, 80, 0
3714, 81, 0
3715, 82, 0
3716, 83, 0
3717, 84, 0
3718, 85, 0
3719, 86, 0
3720, 87, 0
3721, 0, 171
3722, 88, 0
3723, 89, 0
3724, 90, 0
3725, 91, 0
3726, 92, 0
3727, 93, 0
3728, 94, 0
3729, 95, 0
3730, 96, 0
3731, 97, 0
3732, 98, 0
3733, 99, 0
3734, 100, 0
3735, 101, 0
3736, 102, 0
3737, 103, 0
3738, 104, 0
3739, 105, 0
3740, 106, 0
3741, 107, 0
3742, 0, 172
3743, 108, 0
3744, 109, 0
3745, 110, 0
3746, 111, 0
3747, 112, 0
3748, 113, 0
3749, 114, 0
3750, 115, 0
3751, 116, 0
3752, 117, 0
3753, 118, 0
3754, 119, 0
3755, 120, 0
3756, 121, 0
3757, 122, 0
3758, 123, 0
3759, 124, 0
3760, 125, 0
3761, 126, 0
3762, 127, 0
3763, 0, 173
3764, 128, 0
3765, 129, 0
3766, 130, 0
3767, 131, 0
3768, 132, 0
3769, 133, 0
3770, 134, 0
3771, 135, 0
3772, 136, 0
3773, 137, 0
3774, 138, 0
3775, 139, 0
3776, 140, 0
3777, 141, 0
3778, 142, 0
3779, 143, 0
3780, 144, 0
3781, 145, 0
3782, 146, 0
3783, 147, 0
3784, 0, 174
3785, 148, 0
3786, 148, 0
3787, 149, 0
3788, 150, 0
3789, 151, 0
3790, 152, 0
3791, 153, 0
3792, 154, 0
3793, 155, 0
3794, 156, 0
3795, 157, 0
3796, 158, 0
3797, 159, 0
3798, 160, 0
3799, 161, 0
3800, 162, 0
3801, 163, 0
3802, 164, 0
3803, 165, 0
3804, 166, 0
3805, 167, 0
3806, 0, 175
3807, 0, 175
3808, 168, 0
3809, 169, 0
3810, 170, 0
3811, 171, 0
3812, 172, 0
3813, 173, 0
3814, 174, 0
3815, 175, 0
3816, 176, 0
3817, 177, 0
3818, 178, 0
3819, 179, 0
3820, 180, 0
3821, 181, 0
3822, 182, 0
3823, 183, 0
3824, 184, 0
3825, 185, 0
3826, 186, 0
3827, 0, 176
3828, 187, 0
3829, 188, 0
3830, 189, 0
3831, 190, 0
3832, 191, 0
3833, 192, 0
3834, 193, 0
3835, 194, 0
3836, 195, 0
3837, 196, 0
3838, 197, 0
3839, 198, 0
3840, 199, 0
3841, 200, 0
3842, 201, 0
3843, 202, 0
3844, 203, 0
3845, 204, 0
3846, 205, 0
3847, 206, 0
3848, 0, 177
3849, 207, 0
3850, 208, 0
3851, 209, 0
3852, 210, 0
3853, 211, 0
3854, 212, 0
3855, 213, 0
3856, 214, 0
3857, 215, 0
3858, 216, 0
3859, 217, 0
3860, 218, 0
3861, 219, 0
3862, 220, 0
3863, 221, 0
3864, 222, 0
3865, 223, 0
3866, 224, 0
3867, 225, 0
3868, 226, 0
3869, 0, 178
3870, 227, 0
3871, 228, 0
3872, 229, 0
3873, 230, 0
3874, 231, 0
3875, 232, 0
3876, 233, 0
3877, 234, 0
3878, 235, 0
3879, 236, 0
3880, 237, 0
3881, 238, 0
3882, 239, 0
3883, 240, 0
3884, 241, 0
3885, 242, 0
3886, 243, 0
3887, 244, 0
3888, 245, 0
3889, 246, 0
3890, 247, 0
3891, 248, 0
3892, 249, 0
3893, 250, 0
3894, 251, 0
3895, 252, 0
3896, 253, 0
3897, 254, 0
3898, 255, 0
3899, 1, 0
3900, 2, 0
3901, 3, 0
3902, 4, 0
3903, 5, 0
3904, 11, 0
3905, 12, 0
3906, 13, 0
3907, 14, 0
3908, 15, 0
3909, 16, 0
3910, 17, 0
3911, 18, 0
3912, 19, 0
3913, 20, 0
3914, 21, 0
3915, 22, 0
3916, 23, 0
3917, 24, 0
3918, 25, 0
3919, 26, 0
3920, 27, 0
3921, 28, 0
3922, 29, 0
3923, 30, 0
3924, 31, 0
3925, 32, 0
3926, 33, 0
3927, 34, 0
3928, 35, 0
3929, 36, 0
3930, 37, 0
3931, 38, 0
3932, 39, 0
3933, 40, 0
3934, 41, 0
3935, 42, 0
3936, 43, 0
3937, 44, 0
3938, 45, 0
3939, 46, 0
3940, 47, 0
3941, 48, 0
3942, 49, 0
3943, 50, 0
3944, 51, 0
3945, 52, 0
3946, 53, 0
3947, 54, 0
3948, 55, 0
3949, 56, 0
3950, 57, 0
3951, 58, 0
3952, 59, 0
3953, 60, 0
3954, 61, 0
3955, 62, 0
3956, 63, 0
3957, 64, 0
3958, 65, 0
3959, 66, 0
3960, 67, 0
3961, 68, 0
3962, 69, 0
3963, 70, 0
3964, 71, 0
3965, 72, 0
3966, 73, 0
3967, 74, 0
3968, 75, 0
3969, 76, 0
3970, 77, 0
3971, 78, 0
3972, 79, 0
3973, 80, 0
3974, 81, 0
3975, 82, 0
3976, 83, 0
3977, 84, 0
3978, 85, 0
3979, 86, 0
3980, 87, 0
3981, 88, 0
3982, 89, 0
3983, 90, 0
3984, 91, 0
3985, 92, 0
3986, 93, 0
3987, 94, 0
3988, 95, 0
3989, 96, 0
3990, 97, 0
3991, 98, 0
3992, 99, 0
3993, 100, 0
3994, 101, 0
3995, 102, 0
3996, 103, 0
3997, 104, 0
3998, 105, 0
3999, 106, 0
4000, 107, 0
4001, 108, 0
4002, 109, 0
4003, 110, 0
4004, 111, 0
4005, 112, 0
4006, 113, 0
4007, 114, 0
4008, 115, 0
4009, 116, 0
4010, 117, 0
4011, 118, 0
4012, 119, 0
4013, 120, 0
4014, 121, 0
4015, 122, 0
4016, 123, 0
4017, 124, 0
4018, 125, 0
4019, 126, 0
4020, 127, 0
4021, 128, 0
4022, 129, 0
4023, 130, 0
4024, 131, 0
4025, 132, 0
4026, 133, 0
4027, 134, 0
4028, 135, 0
4029, 136, 0
4030, 137, 0
4031, 138, 0
4032, 139, 0
4033, 140, 0
4034, 141, 0
4035, 142, 0
4036, 143, 0
4037, 144, 0
4038, 145, 0
4039, 146, 0
4040, 147, 0
4041, 148, 0
4042, 149, 0
4043, 150, 0
4044, 151, 0
4045, 0, 179
4046, 152, 0
4047, 153, 0
4048, 154, 0
4049, 155, 0
4050, 156, 0
4051, 157, 0
4052, 158, 0
4053, 159, 0
4054, 160, 0
4055, 161, 0
4056, 162, 0
4057, 163, 0
4058, 164, 0
4059, 165, 0
4060, 166, 0
4061, 167, 0
4062, 168, 0
4063, 169, 0
4064, 170, 0
4065, 0, 180
4066, 171, 0
4067, 172, 0
4068, 173, 0
4069, 174, 0
4070, 175, 0
4071, 176, 0
4072, 177, 0
4073, 178, 0
4074, 179, 0
4075, 180, 0
4076, 181, 0
4077, 182, 0
4078, 183, 0
4079, 184, 0
4080, 185, 0
4081, 186, 0
4082, 187, 0
4083, 188, 0
4084, 189, 0
4085, 190, 0
4086, 191, 0
4087, 0, 181
4088, 192, 0
4089, 193, 0
4090, 194, 0
4091, 195, 0
4092, 196, 0
4093, 197, 0
4094, 198, 0
4095, 199, 0
4096, 200, 0
4097, 201, 0
4098, 202, 0
4099, 203, 0
4100, 204, 0
4101, 205, 0
4102, 206, 0
4103, 207, 0
4104, 208, 0
4105, 209, 0
4106, 210, 0
4107, 0, 182
4108, 211, 0
4109, 212, 0
4110, 213, 0
4111, 214, 0
4112, 215, 0
4113, 216, 0
4114, 217, 0
4115, 218, 0
4116, 219, 0
4117, 220, 0
4118, 221, 0
4119, 222, 0
4120, 223, 0
4121, 224, 0
4122, 225, 0
4123, 226, 0
4124, 227, 0
4125, 228, 0
4126, 229, 0
4127, 230, 0
4128, 0, 183
4129, 231, 0
4130, 232, 0
4131, 233, 0
4132, 234, 0
4133, 235, 0
4134, 236, 0
4135, 237, 0
4136, 238, 0
4137, 239, 0
4138, 240, 0
4139, 241, 0
4140, 242, 0
4141, 243, 0
4142, 244, 0
4143, 245, 0
4144, 246, 0
4145, 247, 0
4146, 248, 0
4147, 249, 0
4148, 250, 0
4149, 0, 184
4150, 251, 0
4151, 252, 0
4152, 253, 0
4153, 254, 0
4154, 255, 0
4155, 1, 0
4156, 2, 0
4157, 3, 0
4158, 4, 0
4159, 5, 0
4160, 6, 0
4161, 7, 0
4162, 8, 0
4163, 9, 0
4164, 10, 0
4165, 11, 0
4166, 12, 0
4167, 13, 0
4168, 14, 0
4169, 15, 0
4170, 0, 185
4171, 16, 0
4172, 17, 0
4173, 18, 0
4174, 19, 0
4175, 20, 0
4176, 21, 0
4177, 22, 0
4178, 23, 0
4179, 24, 0
4180, 25, 0
4181, 26, 0
4182, 27, 0
4183, 28, 0
4184, 29, 0
4185, 30, 0
4186, 31, 0
4187, 32, 0
4188, 33, 0
4189, 34, 0
4190, 0, 186
4191, 35, 0
4192, 36, 0
4193, 37, 0
4194, 38, 0
4195, 39, 0
4196, 40, 0
4197, 41, 0
4198, 42, 0
4199, 43, 0
4200, 44, 0
4201, 45, 0
4202, 46, 0
4203, 47, 0
4204, 48, 0
4205, 49, 0
4206, 50, 0
4207, 51, 0
4208, 52, 0
4209, 53, 0
4210, 54, 0
4211, 0, 187
4212, 55, 0
4213, 56, 0
4214, 57, 0
4215, 58, 0
4216, 59, 0
4217, 60, 0
4218, 61, 0
4219, 62, 0
4220, 63, 0
4221, 64, 0
4222, 65, 0
4223, 66, 0
4224, 67, 0
4225, 68, 0
4226, 69, 0
4227, 70, 0
4228, 71, 0
4229, 72, 0
4230, 73, 0
4231, 74, 0
4232, 0, 188
4233, 75, 0
4234, 76, 0
4235, 77, 0
4236, 78, 0
4237, 79, 0
4238, 80, 0
4239, 81, 0
4240, 82, 0
4241, 83, 0
4242, 84, 0
4243, 85, 0
4244, 86, 0
4245, 87, 0
4246, 88, 0
4247, 89, 0
4248, 90, 0
4249, 91, 0
4250, 92, 0
4251, 93, 0
4252, 94, 0
4253, 0, 189
4254, 95, 0
4255, 96, 0
4256, 97, 0
4257, 98, 0
4258, 99, 0
4259, 100, 0
4260, 101, 0
4261, 102, 0
4262, 103, 0
4263, 104, 0
4264, 105, 0
4265, 106, 0
4266, 107, 0
4267, 108, 0
4268, 109, 0
4269, 110, 0
4270, 111, 0
4271, 112, 0
4272, 113, 0
4273, 114, 0
4274, 0, 190
4275, 115, 0
4276, 116, 0
4277, 117, 0
4278, 118, 0
4279, 119, 0
4280, 120, 0
4281, 121, 0
4282, 122, 0
4283, 123, 0
4284, 124, 0
4285, 125, 0
4286, 126, 0
4287, 127, 0
4288, 128, 0
4289, 129, 0
4290, 130, 0
4291, 131, 0
4292, 132, 0
4293, 133, 0
4294, 134, 0
4295, 0, 191
4296, 135, 0
4297, 136, 0
4298, 137, 0
4299, 138, 0
4300, 139, 0
4301, 140, 0
4302, 141, 0
4303, 142, 0
4304, 143, 0
4305, 144, 0
4306, 145, 0
4307, 146, 0
4308, 147, 0
4309, 148, 0
4310, 149, 0
4311, 150, 0
4312, 151, 0
4313, 152, 0
4314, 153, 0
4315, 154, 0
4316, 0, 192
4317, 155, 0
4318, 156, 0
4319, 157, 0
4320, 158, 0
4321, 159, 0
4322, 160, 0
4323, 161, 0
4324, 162, 0
4325, 163, 0
4326, 164, 0
4327, 165, 0
4328, 166, 0
4329, 167, 0
4330, 168, 0
4331, 169, 0
4332, 170, 0
4333, 171, 0
4334, 172, 0
4335, 173, 0
4336, 174, 0
4337, 0, 193
4338, 175, 0
4339, 176, 0
4340, 177, 0
4341, 178, 0
4342, 179, 0
4343, 180, 0
4344, 181, 0
4345, 182, 0
4346, 183, 0
4347, 184, 0
4348, 185, 0
4349, 186, 0
4350, 187, 0
4351, 188, 0
4352, 189, 0
4353, 190, 0
4354, 191, 0
4355, 192, 0
4356, 193, 0
4357, 194, 0
4358, 0, 194
4359, 195, 0
4360, 196, 0
4361, 197, 0
4362, 198, 0
4363, 199, 0
4364, 200, 0
4365, 201, 0
4366, 202, 0
4367, 203, 0
4368, 204, 0
4369, 205, 0
4370, 206, 0
4371, 207, 0
4372, 208, 0
4373, 209, 0
4374, 210, 0
4375, 211, 0
4376, 212, 0
4377, 213, 0
4378, 0, 195
4379, 214, 0
4380, 215, 0
4381, 216, 0
4382, 217, 0
4383, 218, 0
4384, 219, 0
4385, 220, 0
4386, 221, 0
4387, 222, 0
4388, 223, 0
4389, 224, 0
4390, 225, 0
4391, 226, 0
4392, 227, 0
4393, 228, 0
4394, 229, 0
4395, 230, 0
4396, 231, 0
4397, 232, 0
4398, 233, 0
4399, 0, 196
4400, 234, 0
4401, 235, 0
4402, 236, 0
4403, 237, 0
4404, 238, 0
4405, 239, 0
4406, 240, 0
4407, 241, 0
4408, 242, 0
4409, 243, 0
4410, 244, 0
4411, 245, 0
4412, 246, 0
4413, 247, 0
4414, 248, 0
4415, 249, 0
4416, 250, 0
4417, 251, 0
4418, 252, 0
4419, 253, 0
4420, 0, 197
4421, 254, 0
4422, 255, 0
4423, 1, 0
4424, 2, 0
4425, 3, 0
4426, 4, 0
4427, 5, 0
4428, 6, 0
4429, 7, 0
4430, 8, 0
4431, 9, 0
4432, 10, 0
4433, 11, 0
4434, 12, 0
4435, 13, 0
4436, 14, 0
4437, 15, 0
4438, 16, 0
4439, 17, 0
4440, 18, 0
4441, 0, 198
4442, 19, 0
4443, 20, 0
4444, 21, 0
4445, 22, 0
4446, 23, 0
4447, 24, 0
4448, 25, 0
4449, 26, 0
4450, 27, 0
4451, 28, 0
4452, 29, 0
4453, 30, 0
4454, 31, 0
4455, 32, 0
4456, 33, 0
4457, 34, 0
4458, 35, 0
4459, 36, 0
4460, 37, 0
4461, 38, 0
4462, 0, 199
4463, 39, 0
4464, 40, 0
4465, 41, 0
4466, 42, 0
4467, 43, 0
4468, 44, 0
4469, 45, 0
4470, 46, 0
4471, 47, 0
4472, 48, 0
4473, 49, 0
4474, 50, 0
4475, 51, 0
4476, 52, 0
4477, 53, 0
4478, 54, 0
4479, 55, 0
4480, 56, 0
4481, 57, 0
4482, 58, 0
4483, 0, 200
4484, 59, 0
4485, 60, 0
4486, 61, 0
4487, 62, 0
4488, 63, 0
4489, 64, 0
4490, 65, 0
4491, 66, 0
4492, 67, 0
4493, 68, 0
4494, 69, 0
4495, 70, 0
4496, 71, 0
4497, 72, 0
4498, 73, 0
4499, 74, 0
4500, 75, 0
4501, 76, 0
4502, 77, 0
4503, 78, 0
4504, 0, 201
4505, 79, 0
4506, 80, 0
4507, 81, 0
4508, 82, 0
4509, 83, 0
4510, 84, 0
4511, 85, 0
4512, 86, 0
4513, 87, 0
4514, 88, 0
4515, 89, 0
4516, 90, 0
4517, 91, 0
4518, 92, 0
4519, 93, 0
4520, 94, 0
4521, 95, 0
4522, 96, 0
4523, 97, 0
4524, 98, 0
4525, 0, 202
4526, 99, 0
4527, 100, 0
4528, 101, 0
4529, 102, 0
4530, 103, 0
4531, 104, 0
4532, 105, 0
4533, 106, 0
4534, 107, 0
4535, 108, 0
4536, 109, 0
4537, 110, 0
4538, 111, 0
4539, 112, 0
4540, 113, 0
4541, 114, 0
4542, 115, 0
4543, 116, 0
4544, 117, 0
4545, 118, 0
4546, 0, 203
4547, 119, 0
4548, 120, 0
4549, 121, 0
4550, 122, 0
4551, 123, 0
4552, 124, 0
4553, 125, 0
4554, 126, 0
4555, 127, 0
4556, 128, 0
4557, 129, 0
4558, 130, 0
4559, 131, 0
4560, 132, 0
4561, 133, 0
4562, 134, 0
4563, 135, 0
4564, 136, 0
4565, 137, 0
4566, 138, 0
4567, 0, 204
4568, 139, 0
4569, 140, 0
4570, 141, 0
4571, 142, 0
4572, 143, 0
4573, 144, 0
4574, 145, 0
4575, 146, 0
4576, 147, 0
4577, 148, 0
4578, 149, 0
4579, 150, 0
4580, 151, 0
4581, 152, 0
4582, 153, 0
4583, 154, 0
4584, 155, 0
4585, 156, 0
4586, 157, 0
4587, 0, 205
4588, 158, 0
4589, 159, 0
4590, 160, 0
4591, 161, 0
4592, 162, 0
4593, 163, 0
4594, 164, 0
4595, 165, 0
4596, 166, 0
4597, 167, 0
4598, 168, 0
4599, 169, 0
4600, 170, 0
4601, 171, 0
4602, 172, 0
4603, 173, 0
4604, 174, 0
4605, 175, 0
4606, 176, 0
4607, 177, 0
4608, 0, 206
4609, 178, 0
4610, 179, 0
4611, 180, 0
4612, 181, 0
4613, 182, 0
4614, 183, 0
4615, 184, 0
4616, 185, 0
4617, 186, 0
4618, 187, 0
4619, 188, 0
4620, 189, 0
4621, 190, 0
4622, 191, 0
4623, 192, 0
4624, 193, 0
4625, 194, 0
4626, 195, 0
4627, 196, 0
4628, 197, 0
4629, 0, 207
4630, 198, 0
4631, 199, 0
4632, 200, 0
4633, 201, 0
4634, 202, 0
4635, 203, 0
4636, 204, 0
4637, 205, 0
4638, 206, 0
4639, 207, 0
4640, 208, 0
4641, 209, 0
4642, 210, 0
4643, 211, 0
4644, 212, 0
4645, 213, 0
4646, 214, 0
4647, 215, 0
4648, 216, 0
4649, 217, 0
4650, 0, 208
4651, 218, 0
4652, 219, 0
4653, 220, 0
4654, 221, 0
4655, 222, 0
4656, 223, 0
4657, 224, 0
4658, 225, 0
4659, 226, 0
4660, 227, 0
4661, 228, 0
4662, 229, 0
4663, 230, 0
4664, 231, 0
4665, 232, 0
4666, 233, 0
4667, 234, 0
4668, 235, 0
4669, 236, 0
4670, 237, 0
4671, 0, 209
4672, 238, 0
4673, 239, 0
4674, 240, 0
4675, 241, 0
4676, 242, 0
4677, 243, 0
4678, 244, 0
4679, 245, 0
4680, 246, 0
4681, 247, 0
4682, 248, 0
4683, 249, 0
4684, 250, 0
4685, 251, 0
4686, 252, 0
4687, 253, 0
4688, 254, 0
4689, 255, 0
4690, 1, 0
4691, 2, 0
4692, 0, 210
4693, 3, 0
4694, 4, 0
4695, 5, 0
4696, 6, 0
4697, 7, 0
4698, 8, 0
4699, 9, 0
4700, 10, 0
4701, 11, 0
4702, 12, 0
4703, 13, 0
4704, 14, 0
4705, 15, 0
4706, 16, 0
4707, 17, 0
4708, 18, 0
4709, 19, 0
4710, 20, 0
4711, 21, 0
4712, 22, 0
4713, 0, 211
4714, 23, 0
4715, 24, 0
4716, 25, 0
4717, 26, 0
4718, 27, 0
4719, 28, 0
4720, 29, 0
4721, 30, 0
4722, 31, 0
4723, 32, 0
4724, 33, 0
4725, 34, 0
4726, 35, 0
4727, 36, 0
4728, 37, 0
4729, 38, 0
4730, 39, 0
4731, 40, 0
4732, 41, 0
4733, 42, 0
4734, 0, 212
4735, 43, 0
4736, 44, 0
4737, 45, 0
4738, 46, 0
4739, 47, 0
4740, 48, 0
4741, 49, 0
4742, 50, 0
4743, 51, 0
4744, 52, 0
4745, 53, 0
4746, 54, 0
4747, 55, 0
4748, 56, 0
4749, 57, 0
4750, 58, 0
4751, 59, 0
4752, 60, 0
4753, 61, 0
4754, 62, 0
4755, 0, 213
4756, 63, 0
4757, 64, 0
4758, 65, 0
4759, 66, 0
4760, 67, 0
4761, 68, 0
4762, 69, 0
4763, 70, 0
4764, 71, 0
4765, 72, 0
4766, 73, 0
4767, 74, 0
4768, 75, 0
4769, 76, 0
4770, 77, 0
4771, 78, 0
4772, 79, 0
4773, 80, 0
4774, 81, 0
4775, 82, 0
4776, 0, 214
4777, 83, 0
4778, 84, 0
4779, 85, 0
4780, 86, 0
4781, 87, 0
4782, 88, 0
4783, 89, 0
4784, 90, 0
4785, 91, 0
4786, 92, 0
4787, 93, 0
4788, 94, 0
4789, 95, 0
4790, 96, 0
4791, 97, 0
4792, 98, 0
4793, 99, 0
4794, 100, 0
4795, 101, 0
4796, 0, 215
4797, 102, 0
4798, 103, 0
4799, 104, 0
4800, 105, 0
4801, 106, 0
4802, 107, 0
4803, 108, 0
4804, 109, 0
4805, 110, 0
4806, 111, 0
4807, 112, 0
4808, 113, 0
4809, 114, 0
4810, 115, 0
4811, 116, 0
4812, 117, 0
4813, 118, 0
4814, 119, 0
4815, 120, 0
4816, 121, 0
4817, 122, 0
4818, 0, 216
4819, 123, 0
4820, 124, 0
4821, 125, 0
4822, 126, 0
4823, 127, 0
4824, 128, 0
4825, 129, 0
4826, 130, 0
4827, 131, 0
4828, 132, 0
4829, 133, 0
4830, 134, 0
4831, 135, 0
4832, 136, 0
4833, 137, 0
4834, 138, 0
4835, 139, 0
4836, 140, 0
4837, 141, 0
4838, 0, 217
4839, 142, 0
4840, 143, 0
4841, 144, 0
4842, 145, 0
4843, 146, 0
4844, 147, 0
4845, 148, 0
4846, 149, 0
4847, 150, 0
4848, 151, 0
4849, 152, 0
4850, 153, 0
4851, 154, 0
4852, 155, 0
4853, 156, 0
4854, 157, 0
4855, 158, 0
4856, 159, 0
4857, 160, 0
4858, 161, 0
4859, 0, 218
4860, 162, 0
4861, 163, 0
4862, 164, 0
4863, 165, 0
4864, 166, 0
4865, 167, 0
4866, 168, 0
4867, 169, 0
4868, 170, 0
4869, 171, 0
4870, 172, 0
4871, 173, 0
4872, 174, 0
4873, 175, 0
4874, 176, 0
4875, 177, 0
4876, 178, 0
4877, 179, 0
4878, 180, 0
4879, 181, 0
4880, 0, 219
4881, 182, 0
4882, 183, 0
4883, 184, 0
4884, 185, 0
4885, 186, 0
4886, 187, 0
4887, 188, 0
4888, 189, 0
4889, 190, 0
4890, 191, 0
4891, 192, 0
4892, 193, 0
4893, 194, 0
4894, 195, 0
4895, 196, 0
4896, 197, 0
4897, 198, 0
4898, 199, 0
4899, 200, 0
4900, 201, 0
4901, 0, 220
4902, 202, 0
4903, 203, 0
4904, 204, 0
4905, 205, 0
4906, 206, 0
4907, 207, 0
4908, 208, 0
4909, 209, 0
4910, 210, 0
4911, 211, 0
4912, 212, 0
4913, 213, 0
4914, 214, 0
4915, 215, 0
4916, 216, 0
4917, 217, 0
4918, 218, 0
4919, 219, 0
4920, 220, 0
4921, 221, 0
4922, 0, 221
4923, 222, 0
4924, 223, 0
4925, 224, 0
4926, 225, 0
4927, 226, 0
4928, 227, 0
4929, 228, 0
4930, 229, 0
4931, 230, 0
4932, 231, 0
4933, 232, 0
4934, 233, 0
4935, 234, 0
4936, 235, 0
4937, 236, 0
4938, 237, 0
4939, 238, 0
4940, 239, 0
4941, 240, 0
4942, 241, 0
4943, 0, 222
4944, 242, 0
4945, 243, 0
4946, 244, 0
4947, 245, 0
4948, 246, 0
4949, 247, 0
4950, 248, 0
4951, 249, 0
4952, 250, 0
4953, 251, 0
4954, 252, 0
4955, 253, 0
4956, 254, 0
4957, 255, 0
4958, 1, 0
4959, 2, 0
4960, 3, 0
4961, 4, 0
4962, 5, 0
4963, 6, 0
4964, 0, 223
4965, 7, 0
4966, 8, 0
4967, 9, 0
4968, 10, 0
4969, 11, 0
4970, 12, 0
4971, 13, 0
4972, 14, 0
4973, 15, 0
4974, 16, 0
4975, 17, 0
4976, 18, 0
4977, 19, 0
4978, 20, 0
4979, 21, 0
4980, 22, 0
4981, 23, 0
4982, 24, 0
4983, 25, 0
4984, 0, 224
4985, 26, 0
4986, 27, 0
4987, 28, 0
4988, 29, 0
4989, 30, 0
4990, 31, 0
4991, 32, 0
4992, 33, 0
4993, 34, 0
4994, 35, 0
4995, 36, 0
4996, 37, 0
4997, 38, 0
4998, 39, 0
4999, 40, 0
5000, 41, 0
5001, 42, 0
5002, 43, 0
5003, 44, 0
5004, 45, 0
5005, 46, 0
5006, 0, 225
5007, 47, 0
5008, 48, 0
5009, 49, 0
5010, 50, 0
5011, 51, 0
5012, 52, 0
5013, 53, 0
5014, 54, 0
5015, 55, 0
5016, 56, 0
5017, 57, 0
5018, 58, 0
5019, 59, 0
5020, 60, 0
5021, 61, 0
5022, 62, 0
5023, 63, 0
5024, 64, 0
5025, 65, 0
5026, 66, 0
5027, 0, 226
5028, 67, 0
5029, 68, 0
5030, 69, 0
5031, 70, 0
5032, 71, 0
5033, 72, 0
