  1.0000000e+000	
  9.5636083e-001	  0.0000000e+000	  0.0000000e+000	
  0.0000000e+000	  1.0000000e+000	  9.9609022e-002	
  0.0000000e+000	  0.0000000e+000	  9.9219065e-001	
  2.0000000e+000	
  8.1501513e-003	  0.0000000e+000	
  0.0000000e+000	  4.2806514e-003	
  0.0000000e+000	  8.5501307e-002	
  3.0000000e+000	
  1.0000000e+000	  0.0000000e+000	  0.0000000e+000	
  0.0000000e+000	  1.0000000e+000	  0.0000000e+000	
  4.0000000e+000	
  2.1366547e+001	  1.5569542e-016	
  8.3542070e-016	  2.2764131e+000	
  5.0000000e+000	
  1.6012147e+001	  1.5569542e-016	  3.3824418e-016	
  8.3542070e-016	  2.2764131e+000	  2.2219859e+000	
